# Time-averaged data for fix myat2
# TimeStep v_delta_r
100 39.7356
200 39.4884
300 39.035
400 39.0068
500 39.2001
600 39.0594
700 39.539
800 39.7357
900 39.2388
1000 38.5222
1100 37.9728
1200 37.4692
1300 37.2118
1400 37.1552
1500 36.4747
1600 36.463
1700 36.4956
1800 36.2566
1900 36.2686
2000 36.9693
2100 37.8556
2200 38.1136
2300 38.0845
2400 38.2263
2500 38.6296
2600 38.833
2700 38.9591
2800 38.7392
2900 38.7093
3000 38.8766
3100 38.9916
3200 39.0633
3300 39.1006
3400 39.1788
3500 39.7182
3600 39.5985
3700 39.8785
3800 39.8743
3900 39.5419
4000 39.6469
4100 39.5387
4200 39.7178
4300 40.0357
4400 39.9768
4500 39.8588
4600 40.1668
4700 40.2056
4800 40.3835
4900 40.2653
5000 39.9694
5100 39.8198
5200 40.2578
5300 40.8198
5400 40.9551
5500 40.4665
5600 40.878
5700 41.5255
5800 42.0245
5900 42.1494
6000 42.1188
6100 41.9826
6200 41.5905
6300 41.5182
6400 41.3718
6500 41.0703
6600 40.3344
6700 40.5722
6800 40.9545
6900 40.8175
7000 40.7183
7100 40.3404
7200 40.3917
7300 41.0357
7400 41.2553
7500 41.3687
7600 41.4645
7700 41.2549
7800 40.9936
7900 40.8211
8000 40.9688
8100 41.0854
8200 41.5091
8300 41.8956
8400 42.2705
8500 42.4193
8600 42.3206
8700 42.1479
8800 41.9434
8900 41.473
9000 40.9092
9100 40.3166
9200 39.9262
9300 39.7944
9400 39.5294
9500 39.1037
9600 39.1279
9700 39.1119
9800 39.0693
9900 38.4732
10000 38.2275
10100 38.3378
10200 38.2963
10300 38.595
10400 38.675
10500 38.8294
10600 38.9311
10700 39.0266
10800 38.7107
10900 38.5947
11000 38.7873
11100 38.9249
11200 38.9382
11300 38.8327
11400 38.5679
11500 38.8112
11600 39.1082
11700 39.2456
11800 39.1915
11900 39.2896
12000 39.2061
12100 38.7466
12200 37.9056
12300 37.3566
12400 36.904
12500 37.3663
12600 37.3997
12700 37.4642
12800 37.4086
12900 37.427
13000 37.4759
13100 37.3983
13200 37.7153
13300 37.7312
13400 37.8809
13500 38.15
13600 38.2258
13700 38.4517
13800 38.6723
13900 38.6526
14000 38.5787
14100 38.4875
14200 38.7333
14300 39.1008
14400 39.6042
14500 39.6764
14600 39.9011
14700 39.9572
14800 39.9508
14900 39.5387
15000 39.2456
15100 38.8335
15200 38.9919
15300 39.2677
15400 39.6797
15500 39.7798
15600 39.8581
15700 40.1187
15800 40.2205
15900 40.3284
16000 40.3069
16100 39.8721
16200 39.3703
16300 39.5599
16400 39.7271
16500 39.9418
16600 39.9691
16700 39.8891
16800 39.621
16900 39.0949
17000 39.1304
17100 39.5508
17200 39.6338
17300 39.4819
17400 39.3756
17500 39.4602
17600 39.6329
17700 39.7102
17800 39.861
17900 39.9001
18000 40.0275
18100 39.7465
18200 39.4681
18300 39.3225
18400 39.4013
18500 39.4678
18600 39.6323
18700 39.9475
18800 40.1466
18900 39.9967
19000 39.9423
19100 39.9332
19200 40.0905
19300 39.8682
19400 39.5982
19500 39.2865
19600 38.8667
19700 38.5946
19800 38.8553
19900 38.9568
20000 39.0439
20100 39.2767
20200 39.3337
20300 39.4355
20400 39.3179
20500 39.3191
20600 39.2189
20700 38.7602
20800 39.007
20900 38.8954
21000 38.6158
21100 38.8658
21200 38.9181
21300 38.8638
21400 38.9217
21500 38.4357
21600 37.9559
21700 38.046
21800 37.8588
21900 37.3834
22000 36.5081
22100 36.0193
22200 35.9716
22300 35.7118
22400 35.6711
22500 35.9824
22600 36.3257
22700 36.4625
22800 36.8179
22900 36.9687
23000 37.2622
23100 37.5128
23200 37.5883
23300 37.5593
23400 37.4408
23500 37.6275
23600 37.7702
23700 37.8768
23800 38.2253
23900 38.4909
24000 38.4939
24100 37.944
24200 37.9232
24300 38.1572
24400 37.7574
24500 37.5303
24600 37.4981
24700 37.4021
24800 37.2125
24900 37.2341
25000 36.9371
25100 36.8893
25200 37.1022
25300 37.5238
25400 37.5778
25500 37.4214
25600 37.5276
25700 37.5526
25800 38.0066
25900 38.233
26000 38.4067
26100 38.7639
26200 39.1579
26300 38.6639
26400 38.3689
26500 37.9273
26600 36.991
26700 36.6408
26800 36.5634
26900 36.6512
27000 36.7734
27100 37.165
27200 36.4697
27300 35.7334
27400 35.7096
27500 35.5
27600 34.664
27700 34.4226
27800 34.4315
27900 34.1907
28000 33.6227
28100 32.9978
28200 33.2932
28300 33.9574
28400 34.0138
28500 34.0702
28600 34.4832
28700 34.5251
28800 34.58
28900 34.4584
29000 34.9203
29100 35.3735
29200 34.9223
29300 34.5764
29400 34.4387
29500 33.9648
29600 33.6029
29700 34.0745
29800 34.3904
29900 34.4764
30000 34.9743
30100 35.163
30200 36.1657
30300 37.5385
30400 38.1816
30500 38.3315
30600 38.4494
30700 38.6347
30800 39.3045
30900 39.7386
31000 39.8337
31100 40.1745
31200 40.8373
31300 41.1844
31400 41.3699
31500 41.8628
31600 42.3697
31700 42.6199
31800 43.0439
31900 43.4945
32000 43.7542
32100 43.8551
32200 43.9856
32300 43.961
32400 43.8045
32500 43.957
32600 43.7251
32700 43.8346
32800 44.1992
32900 44.4021
33000 44.6676
33100 44.872
33200 45.4286
33300 45.7449
33400 46.0184
33500 46.1473
33600 46.168
33700 46.1673
33800 46.3155
33900 46.4279
34000 46.3849
34100 46.1436
34200 46.1536
34300 46.577
34400 47.0624
34500 47.1062
34600 47.4862
34700 47.9192
34800 48.0146
34900 48.1181
35000 48.0287
35100 48.1302
35200 48.006
35300 47.9019
35400 47.8596
35500 48.1166
35600 48.5722
35700 48.6809
35800 48.7803
35900 48.3358
36000 47.601
36100 47.3787
36200 47.4965
36300 47.5799
36400 47.9786
36500 48.1274
36600 48.3203
36700 48.3389
36800 48.4406
36900 47.9123
37000 47.5263
37100 47.7435
37200 48.0444
37300 48.4575
37400 48.8421
37500 48.9008
37600 48.4545
37700 48.0912
37800 47.8945
37900 48.3552
38000 48.6087
38100 48.8343
38200 49.3347
38300 49.355
38400 49.1138
38500 48.952
38600 48.764
38700 48.4958
38800 48.2962
38900 47.9868
39000 48.0408
39100 48.0924
39200 48.2037
39300 48.3605
39400 48.4519
39500 48.5782
39600 49.1172
39700 49.6444
39800 49.1185
39900 48.5111
40000 48.3096
40100 48.3905
40200 48.3323
40300 48.5456
40400 48.5685
40500 48.6053
40600 48.5659
40700 48.3715
40800 48.71
40900 48.5227
41000 48.5018
41100 48.5057
41200 48.4442
41300 48.6122
41400 48.7836
41500 48.8721
41600 49.0938
41700 48.9374
41800 49.1802
41900 49.4296
42000 49.1201
42100 48.9519
42200 48.4648
42300 48.566
42400 48.6128
42500 48.4951
42600 48.5491
42700 48.3775
42800 48.0564
42900 47.8589
43000 47.541
43100 47.2588
43200 47.1159
43300 47.0207
43400 47.2029
43500 47.0341
43600 47.0493
43700 47.613
43800 48.1159
43900 48.3648
44000 48.4953
44100 48.5257
44200 48.4573
44300 48.5318
44400 48.7787
44500 48.7489
44600 48.7109
44700 48.8101
44800 48.6259
44900 48.911
45000 48.9403
45100 48.573
45200 49.1869
45300 49.2935
45400 49.8142
45500 49.5147
45600 49.3355
45700 49.2688
45800 49.1877
45900 49.4679
46000 49.4402
46100 49.4352
46200 49.103
46300 48.8888
46400 48.8288
46500 48.852
46600 49.0535
46700 49.2274
46800 49.4907
46900 49.437
47000 48.9028
47100 48.4915
47200 48.3888
47300 48.5535
47400 48.3142
47500 48.3131
47600 48.434
47700 48.8201
47800 49.048
47900 49.0853
48000 49.3185
48100 49.0924
48200 48.9192
48300 48.689
48400 48.7233
48500 48.5754
48600 48.6105
48700 48.6038
48800 48.7832
48900 48.818
49000 48.8882
49100 48.9988
49200 49.1614
49300 49.158
49400 49.1232
49500 49.5119
49600 49.829
49700 49.5681
49800 49.1233
49900 49.1725
50000 49.4815
50100 49.3183
50200 49.163
50300 49.0554
50400 49.4482
50500 49.8187
50600 49.6848
50700 49.2459
50800 49.2065
50900 49.2601
51000 49.4497
51100 49.3558
51200 49.3207
51300 49.3986
51400 49.4328
51500 49.2615
51600 49.0496
51700 48.9388
51800 48.7856
51900 48.8674
52000 49.1146
52100 48.9862
52200 48.7089
52300 48.364
52400 48.3707
52500 48.5564
52600 48.9073
52700 48.8844
52800 49.0049
52900 49.3258
53000 49.2836
53100 48.9782
53200 48.7679
53300 48.6927
53400 48.5205
53500 48.3093
53600 48.4754
53700 48.7531
53800 48.6093
53900 48.5976
54000 48.5862
54100 48.6012
54200 48.605
54300 48.405
54400 48.3217
54500 48.1891
54600 48.1692
54700 48.2223
54800 48.3039
54900 48.5437
55000 48.0868
55100 48.109
55200 48.4468
55300 48.9597
55400 48.9375
55500 49.0679
55600 49.1003
55700 48.6313
55800 48.648
55900 48.4291
56000 48.6265
56100 48.4963
56200 48.9094
56300 49.3334
56400 49.177
56500 48.951
56600 48.5295
56700 48.7059
56800 48.8278
56900 49.0065
57000 48.9972
57100 48.8031
57200 48.4058
57300 48.033
57400 48.0341
57500 48.3023
57600 48.4314
57700 48.8552
57800 48.7529
57900 48.7541
58000 48.8302
58100 48.863
58200 48.4486
58300 48.5039
58400 48.4966
58500 48.4804
58600 48.6383
58700 48.7343
58800 48.8344
58900 49.3706
59000 49.4754
59100 49.1052
59200 48.98
59300 49.3056
59400 49.187
59500 49.3588
59600 49.0325
59700 49.1018
59800 49.1051
59900 49.4389
60000 49.3706
