# Time-averaged data for fix myat3
# TimeStep c_rgyr
100 11.9661
200 11.9432
300 11.9304
400 11.8567
500 11.8306
600 11.8144
700 11.8886
800 11.9108
900 11.8984
1000 11.8621
1100 11.7581
1200 11.5981
1300 11.4725
1400 11.3857
1500 11.2707
1600 11.2546
1700 11.3158
1800 11.3857
1900 11.4402
2000 11.4647
2100 11.4895
2200 11.4797
2300 11.5324
2400 11.599
2500 11.6727
2600 11.6317
2700 11.579
2800 11.5248
2900 11.4906
3000 11.5095
3100 11.5119
3200 11.505
3300 11.5503
3400 11.6252
3500 11.7288
3600 11.733
3700 11.7213
3800 11.7367
3900 11.757
4000 11.8229
4100 11.8585
4200 11.9376
4300 12.0258
4400 12.0986
4500 12.1255
4600 12.1599
4700 12.1809
4800 12.2221
4900 12.2742
5000 12.2927
5100 12.2806
5200 12.2935
5300 12.342
5400 12.3879
5500 12.3724
5600 12.3169
5700 12.3444
5800 12.3941
5900 12.4227
6000 12.4226
6100 12.4073
6200 12.384
6300 12.4198
6400 12.4455
6500 12.4398
6600 12.4324
6700 12.444
6800 12.458
6900 12.3933
7000 12.3631
7100 12.3747
7200 12.3524
7300 12.3924
7400 12.4359
7500 12.456
7600 12.4377
7700 12.3463
7800 12.2392
7900 12.1256
8000 12.0765
8100 12.0962
8200 12.1416
8300 12.233
8400 12.3278
8500 12.374
8600 12.3845
8700 12.3592
8800 12.2561
8900 12.0849
9000 11.9144
9100 11.7865
9200 11.7055
9300 11.6689
9400 11.6614
9500 11.688
9600 11.7007
9700 11.7294
9800 11.7201
9900 11.6709
10000 11.6013
10100 11.5882
10200 11.5287
10300 11.5425
10400 11.5526
10500 11.5277
10600 11.4422
10700 11.375
10800 11.2998
10900 11.2619
11000 11.273
11100 11.338
11200 11.3781
11300 11.413
11400 11.4502
11500 11.502
11600 11.5564
11700 11.6588
11800 11.7116
11900 11.7012
12000 11.643
12100 11.5258
12200 11.3408
12300 11.2512
12400 11.2081
12500 11.2188
12600 11.1491
12700 11.1433
12800 11.1101
12900 11.0675
13000 11.0703
13100 11.1424
13200 11.1982
13300 11.2861
13400 11.4043
13500 11.4972
13600 11.5366
13700 11.5516
13800 11.556
13900 11.5887
14000 11.6497
14100 11.6925
14200 11.8048
14300 11.9064
14400 11.9265
14500 11.9115
14600 11.9654
14700 11.9816
14800 11.9753
14900 11.9685
15000 11.9065
15100 11.8908
15200 11.8879
15300 11.929
15400 11.9734
15500 12.031
15600 12.0593
15700 12.0559
15800 12.0731
15900 12.0572
16000 12.007
16100 11.9992
16200 12.0285
16300 12.1207
16400 12.1914
16500 12.2061
16600 12.1548
16700 12.1156
16800 12.0787
16900 12.0558
17000 12.0444
17100 12.0843
17200 12.1484
17300 12.0788
17400 11.9826
17500 11.9669
17600 12.0043
17700 12.0153
17800 11.9971
17900 11.996
18000 12.0331
18100 12.0428
18200 12.087
18300 12.152
18400 12.178
18500 12.2016
18600 12.2241
18700 12.271
18800 12.3505
18900 12.3615
19000 12.3108
19100 12.2855
19200 12.2923
19300 12.194
19400 12.12
19500 12.0627
19600 11.9931
19700 11.9904
19800 12.0475
19900 12.0961
20000 12.0996
20100 12.1198
20200 12.089
20300 12.0895
20400 12.1328
20500 12.233
20600 12.27
20700 12.2723
20800 12.2607
20900 12.1947
21000 12.1334
21100 12.1241
21200 12.1835
21300 12.2243
21400 12.198
21500 12.1095
21600 12.0687
21700 12.1522
21800 12.1561
21900 12.0704
22000 11.9205
22100 11.8222
22200 11.7225
22300 11.614
22400 11.6216
22500 11.7137
22600 11.7777
22700 11.7402
22800 11.7204
22900 11.712
23000 11.696
23100 11.7033
23200 11.7137
23300 11.723
23400 11.7528
23500 11.8245
23600 11.8806
23700 11.8296
23800 11.8199
23900 11.8236
24000 11.8307
24100 11.8169
24200 11.789
24300 11.7347
24400 11.6729
24500 11.5706
24600 11.5119
24700 11.5253
24800 11.5088
24900 11.4665
25000 11.4385
25100 11.4077
25200 11.4007
25300 11.4419
25400 11.5061
25500 11.5305
25600 11.5519
25700 11.6165
25800 11.7424
25900 11.8558
26000 11.9135
26100 12.013
26200 12.1064
26300 12.1038
26400 12.055
26500 12.0233
26600 12.021
26700 12.0319
26800 12.0472
26900 12.0098
27000 11.9711
27100 11.9727
27200 11.9764
27300 11.9689
27400 11.9656
27500 11.9668
27600 11.8915
27700 11.7807
27800 11.6744
27900 11.5651
28000 11.4669
28100 11.4283
28200 11.4509
28300 11.5498
28400 11.5906
28500 11.5913
28600 11.6178
28700 11.6706
28800 11.6624
28900 11.6144
29000 11.5726
29100 11.6019
29200 11.5501
29300 11.4374
29400 11.4632
29500 11.4848
29600 11.493
29700 11.52
29800 11.5683
29900 11.6748
30000 11.7946
30100 11.7443
30200 11.7273
30300 11.7461
30400 11.8122
30500 11.7821
30600 11.7716
30700 11.8116
30800 11.849
30900 11.8728
31000 11.9196
31100 12.0676
31200 12.2887
31300 12.4549
31400 12.6143
31500 12.8032
31600 13.0012
31700 13.0939
31800 13.1956
31900 13.3189
32000 13.3665
32100 13.2915
32200 13.2078
32300 13.1667
32400 13.1777
32500 13.1965
32600 13.1771
32700 13.1789
32800 13.2828
32900 13.3292
33000 13.3231
33100 13.3822
33200 13.5105
33300 13.6312
33400 13.7251
33500 13.7845
33600 13.761
33700 13.7888
33800 13.8764
33900 13.9346
34000 13.9267
34100 13.8933
34200 13.9802
34300 14.1415
34400 14.2706
34500 14.2672
34600 14.333
34700 14.3834
34800 14.3855
34900 14.3635
35000 14.3548
35100 14.3252
35200 14.323
35300 14.3202
35400 14.2755
35500 14.3274
35600 14.4238
35700 14.4658
35800 14.4963
35900 14.4064
36000 14.2561
36100 14.2647
36200 14.3511
36300 14.4123
36400 14.4659
36500 14.4385
36600 14.4357
36700 14.4927
36800 14.5159
36900 14.4782
37000 14.4536
37100 14.5025
37200 14.5737
37300 14.6181
37400 14.5891
37500 14.4885
37600 14.342
37700 14.272
37800 14.2845
37900 14.3605
38000 14.452
38100 14.522
38200 14.6294
38300 14.6959
38400 14.6486
38500 14.5266
38600 14.4135
38700 14.3221
38800 14.2283
38900 14.1595
39000 14.1276
39100 14.151
39200 14.219
39300 14.2455
39400 14.2884
39500 14.4447
39600 14.6053
39700 14.6845
39800 14.6074
39900 14.4755
40000 14.3631
40100 14.3165
40200 14.2665
40300 14.2816
40400 14.3774
40500 14.4447
40600 14.4358
40700 14.4115
40800 14.4385
40900 14.4308
41000 14.4432
41100 14.508
41200 14.507
41300 14.4544
41400 14.4138
41500 14.4663
41600 14.5341
41700 14.5704
41800 14.6428
41900 14.6825
42000 14.6091
42100 14.5127
42200 14.4553
42300 14.4649
42400 14.5101
42500 14.513
42600 14.4521
42700 14.3951
42800 14.3528
42900 14.3039
43000 14.2556
43100 14.1702
43200 14.0529
43300 14.0037
43400 14.0305
43500 14.005
43600 14.0372
43700 14.1617
43800 14.2924
43900 14.4058
44000 14.4522
44100 14.4437
44200 14.4395
44300 14.4551
44400 14.4602
44500 14.4314
44600 14.4257
44700 14.4461
44800 14.4116
44900 14.4247
45000 14.463
45100 14.4889
45200 14.5395
45300 14.6253
45400 14.7402
45500 14.7585
45600 14.6883
45700 14.6004
45800 14.5859
45900 14.6649
46000 14.6772
46100 14.6258
46200 14.5576
46300 14.5324
46400 14.4977
46500 14.5103
46600 14.5597
46700 14.6082
46800 14.6392
46900 14.6185
47000 14.5074
47100 14.4012
47200 14.364
47300 14.3293
47400 14.2802
47500 14.3203
47600 14.3956
47700 14.4907
47800 14.554
47900 14.569
48000 14.5757
48100 14.531
48200 14.4725
48300 14.427
48400 14.4194
48500 14.4023
48600 14.3746
48700 14.3811
48800 14.4311
48900 14.4474
49000 14.4792
49100 14.5121
49200 14.5349
49300 14.5604
49400 14.6279
49500 14.7193
49600 14.8107
49700 14.7858
49800 14.7151
49900 14.6422
50000 14.648
50100 14.6768
50200 14.6107
50300 14.5638
50400 14.6612
50500 14.7964
50600 14.8328
50700 14.7414
50800 14.6236
50900 14.5714
51000 14.5846
51100 14.6043
51200 14.621
51300 14.645
51400 14.6522
51500 14.5954
51600 14.513
51700 14.4857
51800 14.5109
51900 14.5905
52000 14.6377
52100 14.5634
52200 14.4404
52300 14.3943
52400 14.3979
52500 14.4507
52600 14.5532
52700 14.6263
52800 14.7125
52900 14.7508
53000 14.7219
53100 14.6342
53200 14.5628
53300 14.5325
53400 14.51
53500 14.4747
53600 14.4721
53700 14.539
53800 14.5982
53900 14.5758
54000 14.5455
54100 14.5065
54200 14.4611
54300 14.4485
54400 14.4043
54500 14.3581
54600 14.3455
54700 14.3433
54800 14.3509
54900 14.3631
55000 14.2814
55100 14.3236
55200 14.4524
55300 14.5383
55400 14.549
55500 14.5628
55600 14.5456
55700 14.5022
55800 14.5011
55900 14.4857
56000 14.4936
56100 14.4996
56200 14.5391
56300 14.608
56400 14.5654
56500 14.4896
56600 14.3824
56700 14.3706
56800 14.4574
56900 14.5105
57000 14.5149
57100 14.4272
57200 14.2987
57300 14.2211
57400 14.2667
57500 14.3622
57600 14.4441
57700 14.5299
57800 14.5211
57900 14.4657
58000 14.4638
58100 14.4005
58200 14.34
58300 14.3527
58400 14.3564
58500 14.3614
58600 14.3976
58700 14.4623
58800 14.5504
58900 14.6357
59000 14.6617
59100 14.6231
59200 14.6032
59300 14.6007
59400 14.6042
59500 14.5962
59600 14.4938
59700 14.4926
59800 14.5774
59900 14.647
60000 14.6446
