# Time-averaged data for fix myat3
# TimeStep v_mypot
1000 -13907.9
2000 -14643.1
3000 -14629.5
4000 -14594.1
5000 -14565.8
6000 -14587.3
7000 -14599.3
8000 -14556.3
9000 -14560.3
10000 -14509.7
11000 -14492
12000 -14588.4
13000 -14561.9
14000 -14552.3
15000 -14591.3
16000 -14547.6
17000 -14563.3
18000 -14571.6
19000 -14602.6
20000 -14608.7
21000 -14494.4
22000 -14526.8
23000 -14534.8
24000 -14582.1
25000 -14511.1
26000 -14564.8
27000 -14566.4
28000 -14541.7
29000 -14572.2
30000 -14551.1
31000 -14510.7
32000 -14502.6
33000 -14487.1
34000 -14506.3
35000 -14539.9
36000 -14494.8
37000 -14529.4
38000 -14523.9
39000 -14490.8
40000 -14496.4
41000 -14579.4
42000 -14595.3
43000 -14563.7
44000 -14599.8
45000 -14564.7
46000 -14591.6
47000 -14616.1
48000 -14537.6
49000 -14541.2
50000 -14524.1
51000 -14487.6
52000 -14565.2
53000 -14579.8
54000 -14652.3
55000 -14692.1
56000 -14702.5
57000 -14677.9
58000 -14715.4
59000 -14814.3
60000 -14782.8
61000 -14830.5
62000 -14847.6
63000 -14892
64000 -14909.1
65000 -14981.3
66000 -14993.8
67000 -14971.2
68000 -14978.1
69000 -15074.1
70000 -15101.6
71000 -15088.7
72000 -15149.8
73000 -15174.2
74000 -15185.1
75000 -15209.9
76000 -15265.7
77000 -15259.4
78000 -15289.9
79000 -15342.5
80000 -15328.2
81000 -15367.4
82000 -15421.5
83000 -15394.5
84000 -15460.4
85000 -15475.8
86000 -15562.8
87000 -15545.2
88000 -15557.4
89000 -15573.7
90000 -15610.9
91000 -15694.7
92000 -15695.6
93000 -15694.8
94000 -15724.8
95000 -15761.4
96000 -15804.4
97000 -15831.3
98000 -15851.4
99000 -15886.5
100000 -15908.9
101000 -15893.1
102000 -15928.1
103000 -15932.3
104000 -15954.6
105000 -15945.7
106000 -15967.2
107000 -15972.1
108000 -15985.2
109000 -16004.4
110000 -16046.8
111000 -16073.7
112000 -16099.2
113000 -16107.5
114000 -16116.6
115000 -16130.7
116000 -16136.7
117000 -16149.4
118000 -16162.1
119000 -16167
120000 -16170.1
121000 -16199.7
122000 -16208.2
123000 -16220
124000 -16239.3
125000 -16235.2
126000 -16228.9
127000 -16266.5
128000 -16257.6
129000 -16280
130000 -16307.6
131000 -16305.1
132000 -16338.4
133000 -16342.5
134000 -16356.7
135000 -16374.8
136000 -16377.3
137000 -16378.2
138000 -16382.4
139000 -16377
140000 -16393.7
141000 -16412.6
142000 -16414
143000 -16443.5
144000 -16468
145000 -16448.6
146000 -16474.4
147000 -16478
148000 -16492
149000 -16529.3
150000 -16536.8
151000 -16530.6
152000 -16540.3
153000 -16551.7
154000 -16571.8
155000 -16592.4
156000 -16595.5
157000 -16600.7
158000 -16619.1
159000 -16624.6
160000 -16633.2
161000 -16643.9
162000 -16651.4
163000 -16644.1
164000 -16645
165000 -16668
166000 -16693.6
167000 -16678.7
168000 -16695.5
169000 -16703.6
170000 -16713.7
171000 -16721.4
172000 -16723.1
173000 -16734.2
174000 -16741.8
175000 -16740.1
176000 -16752.4
177000 -16760.2
178000 -16775
179000 -16773.4
180000 -16793.7
181000 -16793.6
182000 -16797.7
183000 -16814.1
184000 -16826.7
185000 -16822.3
186000 -16829.9
187000 -16835.5
188000 -16841.8
189000 -16850
190000 -16853
191000 -16862.7
192000 -16868
193000 -16878.4
194000 -16878.1
195000 -16891.2
196000 -16900.5
197000 -16904.6
198000 -16917.9
199000 -16917.8
200000 -16934.9
201000 -16930.7
202000 -16944.8
203000 -16950.3
204000 -16954.4
205000 -16956.9
206000 -16965.2
207000 -16975.7
208000 -16986.2
209000 -16987
210000 -16997.3
211000 -17003
212000 -17011
213000 -17014.5
214000 -17022.3
215000 -17025.9
216000 -17028.7
217000 -17036.2
218000 -17042.4
219000 -17046
220000 -17048.9
221000 -17054.2
222000 -17063.3
223000 -17064.9
224000 -17076.8
225000 -17081.3
226000 -17085.5
227000 -17091.3
228000 -17096.4
229000 -17102.2
230000 -17108.5
231000 -17110.2
232000 -17118.4
233000 -17124.7
234000 -17131.5
235000 -17136.6
236000 -17141.9
237000 -17148.4
238000 -17153.5
239000 -17162.1
240000 -17167.2
241000 -17174.4
242000 -17176.4
243000 -17176.4
244000 -17184.4
245000 -17190.8
246000 -17198.9
247000 -17203.2
248000 -17209.4
249000 -17215.4
250000 -17218.5
251000 -17227.9
252000 -17229.4
253000 -17235.5
254000 -17240.6
255000 -17248.7
256000 -17247.1
257000 -17259.4
258000 -17259.2
259000 -17268.1
260000 -17273
261000 -17276.5
262000 -17281.4
263000 -17287.8
264000 -17291.6
265000 -17295.5
266000 -17299.9
267000 -17306.8
268000 -17310.1
269000 -17315.3
270000 -17321.2
271000 -17326.9
272000 -17330.4
273000 -17337.4
274000 -17342.7
275000 -17347
276000 -17351.7
277000 -17356.5
278000 -17362.4
279000 -17366.3
280000 -17372.2
281000 -17377.5
282000 -17382.3
283000 -17387.8
284000 -17392.3
285000 -17396.4
286000 -17401.9
287000 -17406.6
288000 -17412.1
289000 -17416.7
290000 -17421.4
291000 -17426.3
292000 -17431.2
293000 -17436.2
294000 -17440.6
295000 -17445.8
296000 -17450.6
297000 -17455.8
298000 -17460.5
299000 -17465.3
300000 -17470.2
301000 -17472.2
302000 -17471.9
303000 -17472.7
304000 -17473
305000 -17473.1
306000 -17472.9
307000 -17472.3
308000 -17472.3
309000 -17472
310000 -17472.5
311000 -17473.3
312000 -17472.6
313000 -17473.3
314000 -17472.8
315000 -17473.4
316000 -17472.6
317000 -17472.4
318000 -17472.7
319000 -17473.3
320000 -17472.7
321000 -17473
322000 -17473.1
323000 -17473.3
324000 -17472.9
325000 -17472.7
326000 -17472.5
327000 -17472.5
328000 -17472.6
329000 -17472.3
330000 -17472.5
331000 -17472.7
332000 -17472.3
333000 -17471.8
334000 -17472.4
335000 -17472.1
336000 -17472.5
337000 -17472.6
338000 -17472.7
339000 -17472.6
340000 -17473.2
341000 -17472.8
342000 -17472.1
343000 -17472.5
344000 -17472.3
345000 -17472.7
346000 -17472.7
347000 -17472.3
348000 -17472.6
349000 -17472.7
350000 -17472.3
