# Fix print output for fix def1
3.04074383262985e-15 1.77932523402666e-05 2.17584260489923e-06 -5.09570180025167e-05
-0.000999999999996931 -0.0726830896268294 -0.00376735802313668 -0.00363122720571395
-0.0019999999999969 -0.139742282815543 0.00187492480435328 0.00199938121962403
-0.00299999999999687 -0.211414582653387 0.00135550020032181 0.00163324054821375
-0.00399999999999696 -0.285767467166985 -0.00261362689177389 -0.00284281864052224
-0.00499999999999693 -0.355351547783492 0.000475034242825073 0.000404337715211824
-0.00599999999999691 -0.426461423193428 0.00181773105991643 0.0014325888757187
-0.00699999999999688 -0.500867818176104 -0.00159254645419137 -0.00142842578561096
-0.00799999999999696 -0.572125595261748 -0.00032176239505554 -0.000393480287204355
-0.00899999999999694 -0.643331095017598 0.00123804403005717 0.00126221496917783
-0.00999999999999691 -0.717040484940284 -0.000800139594909797 -0.00066977698672361
-0.0109999999999969 -0.789002889491049 -0.000772204877260346 -0.000634891935582075
-0.011999999999997 -0.860001018994975 0.00111579144741959 0.00051654684180637
-0.0129999999999969 -0.932640050355005 -0.000216157856057358 -0.000209740537136496
-0.0139999999999969 -1.00424283235089 -0.000885254407053314 -0.000577277017608485
-0.014999999999997 -1.07459683523947 0.000532353772863924 0.000399333447786932
-0.015999999999997 -1.14502232201524 0.000467457647843533 -0.000128027352121222
-0.0169999999999969 -1.21599870671842 -0.000481617162108567 -0.000791973167385219
-0.0179999999999969 -1.28486930261335 -0.000212103604087615 0.000326204783650398
-0.018999999999997 -1.35323191214629 0.000139339506658046 0.000281126853017248
-0.019999999999997 -1.42094795971375 -0.000198104568231047 -0.000555599235933032
-0.0209999999999969 -1.4870825803264 -8.15815109894498e-05 -0.000109331346223016
-0.0219999999999969 -1.55191551421923 -0.000180729148716491 0.00064470862448159
-0.022999999999997 -1.61655078314927 -0.000339671554938052 -0.000123404253584311
-0.023999999999997 -1.67964074290748 3.77564726463242e-05 -0.000414717094324752
-0.0249999999999969 -1.7410030308582 0.000323101099873605 -9.46428589232069e-05
-0.025999999999997 -1.80206906086883 -8.90033304959067e-05 -0.000138891413302855
-0.026999999999997 -1.86145597662004 -0.000603001893230001 0.000128498411122299
-0.027999999999997 -1.91876084407405 -4.88641662417721e-06 -5.5954762767844e-05
-0.028999999999997 -1.9750762780353 0.000144421326680596 -0.000256933227809476
-0.029999999999997 -2.03040648559331 -0.000219065289151485 -6.98032580250785e-05
-0.030999999999997 -2.08449732046199 -0.000140444448238118 0.000100474397284421
-0.031999999999997 -2.13710676691865 5.09381481956263e-05 -8.79106492606823e-05
-0.032999999999997 -2.18975232291253 -8.16698311602073e-05 -0.000125466562489416
-0.033999999999997 -2.24089203730237 -0.000196810381470307 5.42259948898628e-05
-0.034999999999997 -2.29136811723149 -0.000259369182671868 0.000114935387073104
-0.035999999999997 -2.34072232788814 0.000284940715070102 -0.000467962758354587
-0.0369999999999971 -2.3895674778173 0.000137725387669069 -0.000333409288213495
-0.037999999999997 -2.43835479607902 -0.000360971500209001 0.000210255719945894
-0.038999999999997 -2.48658640895777 -0.000625188157812579 0.000323333158381344
-0.039999999999997 -2.53447582225626 0.000144082424798681 -0.000272079575070424
-0.0409999999999971 -2.58262291859613 0.00046757416028796 -0.000532788772556014
-0.041999999999997 -2.63053406827924 -4.21819633306565e-05 -6.16427272671428e-05
-0.042999999999997 -2.67854786511978 -0.000687555029573747 0.000473132981838837
-0.043999999999997 -2.72663331606093 9.56547214268148e-06 -6.59005982393591e-05
-0.0449999999999971 -2.77565550513156 0.0005372973094331 -0.000726395180691059
-0.0459999999999971 -2.82529827821088 -0.000179661361400084 -4.38326207552343e-05
-0.046999999999997 -2.87557621185706 -0.000290297831608905 0.00029044264213618
-0.047999999999997 -2.92700184768864 5.60990816521226e-05 -0.000183447692899571
-0.0489999999999971 -2.97943004663007 -0.000255591421989702 -9.73068376602501e-06
-0.0499999999999971 -3.03279735310717 8.98770081749029e-05 4.54313588984819e-05
-0.050999999999997 -3.08791018785137 -0.000221151189654194 -6.55438395023442e-05
-0.0519999999999971 -3.1445382754493 -0.000176892899293625 -9.11083167810661e-05
-0.0529999999999971 -3.20259178104221 7.96883430207932e-05 2.80312645216268e-05
-0.0539999999999971 -3.26258317278074 -6.25418825094441e-05 -0.000181553095203055
-0.054999999999997 -3.32469429708089 0.000111464740888411 -0.000413007708314912
-0.0559999999999971 -3.38888089246232 -6.76470452702459e-06 -0.000296086172098585
-0.0569999999999971 -3.45523592672388 -0.000466767130094925 0.00020961405941578
-0.0579999999999971 -3.52341629201104 -9.99230992939983e-05 4.26716156240366e-05
-0.058999999999997 -3.59470244650775 6.03860729369238e-05 -0.000381372888141561
-0.0599999999999971 -3.66802810799606 -0.00012954783637503 -0.000185765019125125
-0.0609999999999971 -3.74398655837052 -0.000438206384700508 0.000238580290387098
-0.0619999999999971 -3.82253292351799 -0.000195607110918193 -4.53222111713682e-05
-0.062999999999997 -3.90357330583627 0.000195715410552502 -0.000395818354257004
-0.0639999999999971 -3.98766986274682 -5.07802454382661e-05 7.54329515146062e-05
-0.0649999999999971 -4.07419989396878 -6.17609367902848e-05 -0.000219186102269196
-0.0659999999999971 -4.16342325619651 -0.000358507788042052 -3.08093421128309e-05
-0.0669999999999972 -4.25504058946953 0.000206524565237663 -6.21368252195947e-06
-0.0679999999999971 -4.34952523126739 -5.55869480896011e-05 -0.000399284880166486
-0.0689999999999971 -4.44631751280232 -0.000574250582461002 -1.36911947398497e-05
-0.0699999999999971 -4.54516088699639 -6.42594158074497e-05 0.000282117039019952
-0.0709999999999971 -4.64693732155056 0.000440370822732655 -0.000834060316336602
-0.0719999999999971 -4.75019273455074 -0.000153266572181292 -8.27736711404911e-05
-0.0729999999999971 -4.85557484644566 -0.000572085574285169 0.000767014767030913
-0.0739999999999972 -4.96289233301544 3.42395011667294e-05 -0.000646864026913127
-0.0749999999999972 -5.07159138420234 1.52112252549583e-05 -0.000388788261649049
-0.0759999999999971 -5.18177160809196 2.34658217253794e-05 0.0002614875795005
-0.0769999999999971 -5.29319706324659 -0.000494087581771258 -2.56492893927254e-05
-0.0779999999999972 -5.40509849836456 -0.000111655665146823 -0.000357654774575653
-0.0789999999999972 -5.51781812723169 -3.95016714912411e-05 0.000200285837719522
-0.0799999999999971 -5.63107325572468 -0.000176113609852367 -0.000264183197736478
-0.0809999999999971 -5.74454605646784 -9.38868393145659e-05 -0.000597077095610401
-0.0819999999999972 -5.85752021612509 -0.000135712857626896 0.000269326872369873
-0.0829999999999972 -5.97103517002671 -0.000400596427501298 -0.000171217573118681
-0.0839999999999971 -6.08332191313377 0.000134074765532206 -0.000125526970080277
-0.0849999999999971 -6.19468212377715 0.000262640318263551 -0.000159070175310498
-0.0859999999999972 -6.30612554518455 -0.00051245919111242 -8.44140199299673e-06
-0.0869999999999972 -6.41564131269661 -0.000171156059083938 -9.17891069116886e-05
-0.0879999999999971 -6.52403532508107 0.000169858595773114 2.64824738377577e-05
-0.0889999999999972 -6.63109048186841 0.000150950687316579 -0.000414004605564911
-0.0899999999999972 -6.73601719139091 -0.000317679006564441 0.000203095285867687
-0.0909999999999972 -6.83930869209185 0.000100321503022445 -0.000217355086843383
-0.0919999999999971 -6.93990492519605 6.16527890833805e-05 -0.000200208280532899
-0.0929999999999972 -7.03976252599388 -0.000826885954280247 -0.000286048276618837
-0.0939999999999972 -7.1350995002721 -0.000335122742163157 0.000507655007290477
-0.0949999999999972 -7.22857213793571 0.000303797222731204 -0.000362643761430665
-0.0959999999999971 -7.31951704402557 -0.000108207370908529 -0.000510962769559867
-0.0969999999999972 -7.40668998303598 -0.000484202729366247 8.08696317278488e-05
-0.0979999999999972 -7.4908137077569 -1.2627778267233e-05 -0.000107645293953049
-0.0989999999999972 -7.57083253058273 -1.59385089111833e-05 6.47247040189891e-05
-0.0999999999999971 -7.64811179089358 -6.080654185676e-05 -0.0001743158803172
-0.100999999999997 -7.72092255390504 -0.000459455347706617 0.000136052382075515
-0.101999999999997 -7.78997551685828 -0.000147878417974901 -0.000141012751906358
-0.102999999999997 -7.85457803989349 0.000427608815295649 -0.000692783700412107
-0.103999999999997 -7.91543596319978 -0.000554106085283879 0.000216716851012911
-0.104999999999997 -7.97157096521959 0.000112114445165944 -0.000434972218606683
-0.105999999999997 -8.02374294865504 6.16109938380937e-06 -6.8032722840952e-05
-0.106999999999997 -8.07152013775208 -0.000176925017371868 -0.000525541307120821
-0.107999999999997 -8.1137748145997 -0.000272404801926479 0.000328312967125799
-0.108999999999997 -8.15284768756303 -0.000257513935000147 0.000146220118181615
-0.109999999999997 -8.1868990151476 0.000572964951413101 -0.00115770140037883
-0.110999999999997 -8.21690172616921 -0.000235376781484848 -5.38313930706819e-05
-0.111999999999997 -8.24244612509481 -0.000273829960890321 0.000466885742149388
-0.112999999999997 -8.26225988552061 -0.000174129360335196 9.53797679479976e-05
-0.113999999999997 -8.27935576839975 0.000277557943552417 -0.000834383364069608
-0.114999999999997 -8.29198087399613 -0.000750204601012963 0.000275714937714446
-0.115999999999997 -8.30059730329233 0.000620857826135583 -0.000752804280210792
-0.116999999999997 -8.30398452882964 -0.000852741368147484 0.000288615130490046
-0.117999999999997 -8.30471237850722 0.000206691679012185 -0.000831430656400089
-0.118999999999997 -8.30012560565815 -0.000680023662571171 0.00010424404351431
-0.119999999999997 -8.29171346905579 -0.000398337952981294 9.21406350410578e-05
-0.120999999999997 -8.2810724617651 0.000445567604708955 -0.000468942921720019
-0.121999999999997 -8.26685085850863 -0.000100729523798148 8.1771412903759e-06
-0.122999999999997 -8.24674384534306 -0.000565441118546181 0.000167507584129537
-0.123999999999997 -8.225410955433 -0.00034421415192521 -4.94617014577771e-05
-0.124999999999997 -8.19810487228654 0.000440310406684191 -0.000373032357084685
-0.125999999999997 -8.16930345303547 -0.00014701737112419 0.000684823901468325
-0.126999999999997 -8.13544064029652 -0.000452414589344957 -0.000310067145229124
-0.127999999999997 -8.09724351795624 0.000566984035688896 -0.001126432894883
-0.128999999999997 -8.05049411201628 -0.000974540676989279 0.000229995060473187
-0.129999999999997 -7.98605662409831 -0.00145862393203844 0.000126139166737443
-0.130999999999997 -7.86395135210124 -2.2751184931098e-05 -0.00179100386627704
-0.131999999999997 -7.51790139378723 -0.00395057427422476 -0.00359151955510417
-0.132999999999997 -6.50758201137316 -0.0165928629569993 -0.0165732766573157
-0.133999999999997 -4.65037849986117 -0.0340149843659773 -0.0349787064831213
-0.134999999999997 -2.75022010939603 -0.0186358517668286 -0.0170209004256254
-0.135999999999997 -1.57457271185822 -0.001557009631845 -0.00305686065558377
-0.136999999999997 -1.37378568751853 -0.000330332703047915 -6.33011173456055e-05
-0.137999999999997 -1.36972868598236 0.000536513451486299 -0.000428527552235901
-0.138999999999997 -1.39249069226557 0.000650981270596669 -0.000657185034621188
-0.139999999999997 -1.44745682725443 -0.000533583907651204 -0.000491058496424648
-0.140999999999997 -1.47560082422462 0.00253915230989015 -0.00191925036483363
-0.141999999999997 -1.48443284153978 0.00105025665785692 -0.00201588535672348
-0.142999999999997 -1.46731628625178 0.00061055568798728 0.000297513832000935
-0.143999999999997 -1.44896612200747 -0.001275349210391 0.000985662628699483
-0.144999999999997 -1.40674102078701 0.000731504233680788 -0.00011455152947618
-0.145999999999997 -1.38665920092869 0.00282278583298854 -0.00287486651092792
-0.146999999999997 -1.37337112066991 -0.00226018731135483 0.000208297665812995
-0.147999999999997 -1.36731919926018 -2.3243464216595e-05 -0.00113424400989542
-0.148999999999997 -1.35433806925016 0.000341926107729765 -0.00187478785616959
-0.149999999999997 -1.32894008448413 0.000337946637126264 0.000179845527677183
-0.150999999999997 -1.33050581322338 -2.69025977698719e-06 -0.00351397077539256
-0.151999999999997 -1.33979965204223 -0.00119309332129573 -0.00221335961646962
-0.152999999999997 -1.34466980147573 0.000908470287803307 0.000333333643795586
-0.153999999999997 -1.34356891669918 0.000279936134921598 -0.00225652185487985
-0.154999999999997 -1.34840701037277 -0.000346100254964397 -0.00211821062411276
-0.155999999999997 -1.34654826100408 -0.000594142399147947 0.00151315602099718
-0.156999999999997 -1.36433799133889 -2.10839896279109e-05 -0.000513842912114453
-0.157999999999997 -1.38734710883978 -0.0020361168209928 -0.00022805807225418
-0.158999999999997 -1.37905466673086 -0.000449461891547557 0.00203885322268315
-0.159999999999997 -1.38018409118177 0.0014072386333426 -0.000247665459648559
-0.160999999999997 -1.39398535204018 -0.00124803119328563 -0.00150689802368464
-0.161999999999997 -1.4052441050855 0.000881808866220271 -0.00192450189924485
-0.162999999999997 -1.40704635343621 -0.00156703459556342 -0.000264650481664055
-0.163999999999997 -1.3925313800529 -0.00373952751124147 0.0016700773538553
-0.164999999999997 -1.3922157507134 0.00496311503324396 -0.00319477150998798
-0.165999999999997 -1.40264800492589 0.00103035189996162 -0.000804000213447057
-0.166999999999997 -1.41711620976511 -0.00511470140141253 0.00131684535730981
-0.167999999999997 -1.42154028767607 0.00264724148804825 -0.0017277818125336
-0.168999999999997 -1.43211246481291 0.00229675467945919 -0.00153276993110581
-0.169999999999997 -1.4355329048594 -0.00400912565802149 -0.001194887374623
-0.170999999999997 -1.4409278342147 0.00121672143106302 -8.36710387162377e-05
-0.171999999999997 -1.44920536910816 0.00156486180562252 -2.86712721294881e-05
-0.172999999999997 -1.45259811141267 -0.00170117462425274 0.000123279460635485
-0.173999999999997 -1.45777173140334 -0.00166704643992801 0.000641667685355083
-0.174999999999997 -1.45911323958659 -3.17311079914644e-05 -0.000916956194004447
-0.175999999999997 -1.45801925768688 0.00143744878144634 -0.0019888850957232
-0.176999999999997 -1.46427730667143 -0.00071286521550521 0.000781550652328629
-0.177999999999997 -1.46579558711964 0.000949725979427793 -0.00154048953281981
-0.178999999999997 -1.46665124552703 0.00126875906018555 9.36522726203719e-06
-0.179999999999997 -1.46869618947607 -0.0020046992056229 0.00325645069053865
-0.180999999999997 -1.47039235085601 8.0486828098512e-05 -0.000852607411408965
-0.181999999999997 -1.47382488064627 0.00196278847205443 -0.00413947973641965
-0.182999999999997 -1.45868992092647 0.000470603767871184 0.000927628479247449
-0.183999999999997 -1.46452981551779 0.000114857194540759 0.000130614614945733
-0.184999999999998 -1.46417918068235 0.00160981282171405 -0.00154711600557836
-0.185999999999998 -1.46528348149022 -0.000975043860743933 6.51242213941041e-05
-0.186999999999997 -1.47241715196116 -0.00112594779127694 -0.000383064101466166
-0.187999999999997 -1.46871425599912 0.00119567505170658 -0.000174565405331459
-0.188999999999998 -1.47213992581017 -0.000984558497955475 0.00103404532435741
-0.189999999999998 -1.47536672012818 -0.000473693766146551 9.05407809129098e-05
-0.190999999999997 -1.47036917299865 -0.00110584861399886 -0.000346876768875276
-0.191999999999997 -1.46335016055869 -0.00117250083897654 -0.000633393620101323
-0.192999999999998 -1.45401559931294 3.05409547600934e-06 0.00050419983182059
-0.193999999999998 -1.44736993561056 -0.00153265744042695 0.00105108518467782
-0.194999999999997 -1.45179365247925 0.000389600340164741 -0.00254348414333461
-0.195999999999998 -1.44020492931942 -0.000120908941062132 0.000411729294278012
-0.196999999999998 -1.44885130252047 -0.00248798314941661 0.0036271567620435
-0.197999999999998 -1.45835219813056 0.00305648820387435 -0.00493760027419313
-0.198999999999997 -1.45469451456872 0.000736023629486989 -0.000149319773298825
-0.199999999999998 -1.47753626761012 -0.00242949456419803 0.00161523237448869
