# Fix print output for fix def1
1.75426545863005e-16 9.8666536333916e-05 5.47670152115612e-05 7.14945190164458e-05
-0.000999999999999804 -0.0727925939578829 -0.00367523962146318 -0.00409449921584449
-0.00199999999999978 -0.139663115440701 0.00203899222871622 0.00186480523088631
-0.00299999999999976 -0.210953918770569 0.00156195619534999 0.00168592246143452
-0.00399999999999974 -0.286185836363536 -0.00319467166641196 -0.00295966202490253
-0.00499999999999972 -0.355256038354404 0.000506560010938107 0.000593639557442072
-0.0059999999999997 -0.42614959242075 0.00182339715533562 0.00213881140485554
-0.00699999999999968 -0.501033244208843 -0.00192848030860873 -0.00199603242566006
-0.00799999999999966 -0.572099090671144 -0.000310966489666492 -0.000648831654538618
-0.00899999999999982 -0.642639823286212 0.00165871530828068 0.00215111748516812
-0.0099999999999998 -0.716862458722718 -0.00102545051454428 -0.000898134168220159
-0.0109999999999998 -0.788993661587946 -0.00113101211646303 -0.0010365403096152
-0.0119999999999998 -0.859551142591103 0.00202719303425918 0.000846758353289728
-0.0129999999999997 -0.932091652730032 -6.15175309996109e-05 -0.000321938419808651
-0.0139999999999997 -1.00425702870651 -0.00152979042392596 -0.00119459150754479
-0.0149999999999997 -1.07332709343841 0.000734737863057078 0.00127291671593187
-0.0159999999999997 -1.14484740580695 0.000621113501021908 0.000174133560126019
-0.0169999999999997 -1.21573962930634 -0.000985100491957163 -0.00160138086381334
-0.0179999999999998 -1.2841841826533 0.000182974948146471 0.000372623611827387
-0.0189999999999998 -1.35240610418144 0.000475422274209398 0.00113216285379616
-0.0199999999999998 -1.41962174537784 -0.00126479719786025 -0.000325251983566965
-0.0209999999999998 -1.48581223548609 0.000495030417353138 -0.000739295739639635
-0.0219999999999997 -1.55057580812061 0.00137939018089049 0.000166262108505047
-0.0229999999999997 -1.61592593214309 -0.00103462331331344 0.000106019735757947
-0.0239999999999997 -1.67968190428045 -0.00103991868678454 -4.78444756310714e-06
-0.0249999999999998 -1.74013155938196 0.0011341998717443 6.29947102298167e-06
-0.0259999999999998 -1.8007988646252 0.000358231927326892 -0.000755174825000649
-0.0269999999999998 -1.86065158941615 -0.00118132038971717 -4.62803160297476e-05
-0.0279999999999998 -1.91779374908424 -9.06973154222146e-05 0.000866644149303485
-0.0289999999999998 -1.97391103644856 0.000280583244555294 0.000189361503727531
-0.0299999999999997 -2.03113445608384 -0.000208163633323863 -0.000882950600413965
-0.0309999999999997 -2.08372357607789 0.000315351322732352 4.6295121198036e-05
-0.0319999999999997 -2.13733256024913 0.000180993383682451 0.000100535336281519
-0.0329999999999997 -2.18937630833314 -0.000465660018443521 -0.000589769226199059
-0.0339999999999997 -2.24067655770404 0.000106995092838378 -0.000201148513528569
-0.0349999999999998 -2.29106010410364 0.00015846997611262 0.000491764873906326
-0.0359999999999998 -2.34091113936069 -0.000757675302020188 -0.000191629630890034
-0.0369999999999998 -2.38918718626293 -4.87037363021429e-05 0.000126995715025618
-0.0379999999999998 -2.4371485947876 0.00076409320599567 0.000108339052155923
-0.0389999999999997 -2.48671418771809 0.00040699560205562 -0.000933344399089877
-0.0399999999999997 -2.53470576059965 -0.000331402584930713 -0.000195200054845444
-0.0409999999999997 -2.5813967459009 4.21482670639445e-05 0.000860535327963731
-0.0419999999999999 -2.63047692193126 -0.000359059212810429 -0.000118817561062131
-0.0429999999999998 -2.67843991490243 0.00010679714360857 -0.000596059366951341
-0.0439999999999998 -2.72682775518395 0.000273687020334915 2.87550173809414e-05
-0.0449999999999998 -2.7761709214896 -0.000812325463448394 0.000253743664166173
-0.0459999999999998 -2.8247060249827 -0.000267107220035323 0.000493185217474559
-0.0469999999999998 -2.87552919735286 0.000283564209663359 0.00037212159042149
-0.0479999999999997 -2.92759384092409 0.000290856789963775 -0.000695488314798033
-0.0489999999999997 -2.97974308871827 5.16799740548078e-05 -0.000487485062324461
-0.0499999999999997 -3.03335129758394 0.000247613503762143 0.000138231656578878
-0.0509999999999997 -3.08900015159639 -0.000382166331730474 1.08600292486884e-05
-0.0519999999999998 -3.14576516763458 -0.00024673798360263 -0.000136971992838818
-0.0529999999999998 -3.20328848286666 0.000195143691705819 0.00039664640240987
-0.0539999999999998 -3.26320035746855 0.000691913858829835 -0.00097500479099721
-0.0549999999999998 -3.32553409605659 0.00051768006772177 -0.00101448568983391
-0.0559999999999997 -3.38943395975903 -0.000338320693525722 0.000887771802848059
-0.0569999999999997 -3.45557561778235 -0.000595582321697436 0.000936027218271052
-0.0579999999999997 -3.52495820609809 0.000667578111149726 -0.000986186058852416
-0.0589999999999999 -3.59556009027244 0.00139396719637645 -0.00124758344622293
-0.0599999999999998 -3.66812787029086 -0.000829845599070174 0.000777484671692111
-0.0609999999999998 -3.74566646663361 -0.00188631294193758 0.00117812465873276
-0.0619999999999998 -3.82300481078169 0.00120635674723569 -0.000899092069137077
-0.0629999999999998 -3.90485578219484 0.00100155446328421 -0.000701104023952123
-0.0639999999999998 -3.98880218409733 -0.000882700676137507 6.7577391862957e-05
-0.0649999999999997 -4.07551310499027 -0.00034571408709415 0.000161315453607248
-0.0659999999999997 -4.16439132357113 0.000212186988970035 -0.00061419738681666
-0.0669999999999997 -4.25583320543123 -0.000642385617964762 -2.51918617296802e-05
-0.0679999999999997 -4.35029108999904 -0.000687625959765118 0.000855447589618398
-0.0689999999999998 -4.44664916800006 0.000951659240499889 -0.000673118822890295
-0.0699999999999998 -4.54628919930305 0.000159841031896473 -0.000876973623739651
-0.0709999999999998 -4.64707411286618 -0.000778428283238465 0.000981920643216773
-0.0719999999999998 -4.75065727118177 -0.000262957217740103 0.000143619821996583
-0.0729999999999998 -4.85658013408577 0.000597346572062306 -0.00153708796156075
-0.0739999999999997 -4.96289850051662 -0.000237873087685043 0.000897570147283463
-0.0749999999999997 -5.07214827891392 -0.00133987700096534 0.00063572329584683
-0.0759999999999999 -5.18139443085667 0.000594882191438045 -0.00124116434585875
-0.0769999999999998 -5.29225573415218 0.00166946454374448 -0.000820532265827757
-0.0779999999999998 -5.40577541199641 -0.00193396443718609 0.000867285896566635
-0.0789999999999998 -5.5172403574624 -0.000831616451145565 0.000341416123603131
-0.0799999999999998 -5.62998287971186 0.00243258747346388 -0.00183796367223489
-0.0809999999999998 -5.74467252140412 -0.00194687927569218 0.000818988086924781
-0.0819999999999998 -5.8569508523651 -0.000365451659156306 0.000891839910581637
-0.0829999999999997 -5.96997512845875 0.00188917919909441 -0.00170243539812568
-0.0839999999999997 -6.08230113608965 0.000272640983833345 -0.00128060084935655
-0.0849999999999997 -6.19458782127188 -0.00215462191993596 0.00194081719989293
-0.0859999999999998 -6.30477633093027 9.22601003510701e-05 0.000342868209861246
-0.0869999999999998 -6.41500339878913 0.000752670228601661 -0.0015665655195101
-0.0879999999999998 -6.52317012780508 0.000526960614052723 -0.000136535114744922
-0.0889999999999998 -6.63032238024938 -0.000335488656160477 0.000289131673875551
-0.0899999999999998 -6.73497789629011 -0.00101125377037847 4.06714524527658e-05
-0.0909999999999997 -6.8378615735649 0.00108315295524571 -0.000384341436686075
-0.0919999999999999 -6.93990171862378 0.000330200395066068 7.04765400834354e-05
-0.0929999999999999 -7.03830319934153 -0.000771732899242085 0.000363077740996639
-0.0939999999999999 -7.13514887864921 -0.000935443409815897 0.000125966233091564
-0.0949999999999998 -7.22737689796377 0.000745178879409875 -0.000272307946651147
-0.0959999999999998 -7.31859238531365 0.000225690248694548 -0.000958012151413128
-0.0969999999999998 -7.40660032271649 -0.000676006994620455 6.98695058177047e-05
-0.0979999999999998 -7.48931771870926 0.000343495255176102 0.000469801010675687
-0.0989999999999998 -7.57064597753427 0.000674119851158261 -0.00047923740240338
-0.0999999999999997 -7.64738651994708 -4.59824653170097e-05 -0.000162490151161476
-0.101 -7.71982506260545 -0.000762721785971572 0.0004426508133578
-0.102 -7.78820046016161 8.49788664756551e-05 -0.000382466171250837
-0.103 -7.8537818140227 -0.000243439743256524 -1.19550364365147e-05
-0.104 -7.91477797495199 0.000921665864817738 -0.000478126861043648
-0.105 -7.97028740303591 -0.000684478319080429 0.000775024989204026
-0.106 -8.02321493791687 -0.000682616170632908 -0.000364783959431613
-0.107 -8.07011150460451 0.000499664745269556 -0.000521843447981242
-0.108 -8.11239265712148 0.00128994769891496 0.000590258791932252
-0.109 -8.15138232200278 -0.000548592947904571 0.0010301096365639
-0.11 -8.18610545899149 -0.00147444109695227 0.000284929532723776
-0.111 -8.2165373845216 0.000760512776180897 -0.0025907291539911
-0.112 -8.24173954861004 0.00103436305902312 -0.000764995220192174
-0.113 -8.26035427032346 -0.00196101556873296 0.00251210106646612
-0.114 -8.27823792058965 -0.000458797057082532 -3.67728314312672e-05
-0.115 -8.29043249586194 0.00179175572807362 -0.00270595995395705
-0.116 -8.29997650493311 -0.0012174759293178 0.000874695393241689
-0.117 -8.30248392869975 -0.00158885546698093 0.00203879166992838
-0.118 -8.30258091515362 0.00242493850561031 -0.00222197698770514
-0.119 -8.29847402864563 -0.00011238916908269 -3.40406574390391e-05
-0.12 -8.29212911546378 -0.00330895175341021 0.00262474909143421
-0.121 -8.28014576800322 0.00266617080863295 -0.00391018403485911
-0.122 -8.26505886183557 0.000104946154413465 -0.00103946555686068
-0.123 -8.24687861964284 -0.00402496051537748 0.00419063922161643
-0.124 -8.22239994810247 0.00261544072718435 -0.00200785883297819
-0.125 -8.1967317043727 0.00218505317643852 -0.000985274383978912
-0.126 -8.16747575098538 -0.0023490388426904 0.00314983359820317
-0.127 -8.13394853691891 0.000871128903216621 -0.000933532515890171
-0.128 -8.0945489465778 0.000466088512221717 -0.000696629555471419
-0.129 -8.04877347533391 -0.00179888487351263 0.000348256953821686
-0.13 -7.98287460315144 -0.000855365142379239 -0.00175745159142992
-0.131 -7.85314003019944 -0.00070503923090733 -0.00235782936950082
-0.132 -7.42986550472956 -0.00377555306636764 -0.001724463313428
-0.133 -6.33886901793912 -0.0110647488359929 -0.0119935917106559
-0.134 -4.389622624307 -0.0127837897757839 -0.0200257561247204
-0.135 -2.40033445631555 -0.00285584083826895 -0.00990368284990962
-0.136 -1.41408830404761 0.00302032833781916 -0.000920694068033192
-0.137 -1.42300453171076 0.00171810428546046 -0.00162524190330219
-0.138 -1.47637936750641 9.72237843535059e-05 -0.00137528532025354
-0.139 -1.52315705805414 0.000769802488203785 -0.00192021237856283
-0.14 -1.5998915633741 -0.00266647807251116 -0.00150649749204314
-0.141 -1.60489823087121 0.00263924037538658 -0.00493845228937294
-0.142 -1.54258752524628 -0.00389320664911374 0.00203534657690216
-0.143 -1.49469166976101 0.00696076466066466 -0.00207010599310405
-0.144 -1.47865082906877 0.00471656487174168 -0.00154621583811327
-0.145 -1.4352779250258 0.00198088166312284 -0.0021320736732206
-0.146 -1.39321006547206 0.00486156884887895 -0.00241034227937754
-0.147 -1.40782786974055 0.00202473498823846 -0.00283982598855245
-0.148 -1.39853638093964 -0.000872476198544151 0.000708077698561666
-0.149 -1.39661233885305 -0.000656023597072615 0.00028192422838449
-0.15 -1.42115979698256 -0.000879670595910602 0.00317014449331478
-0.151 -1.38952344109894 0.00602837987784162 -0.0103251851562449
-0.152 -1.39711187039859 -0.0043883440367905 0.00546853526699235
-0.153 -1.41701145705383 -0.00232810603351084 0.00303440170618423
-0.154 -1.47051329774421 0.00614719030492745 -0.00750850338024096
-0.155 -1.49216579881003 0.0021164479001885 -0.00092673105400532
-0.156 -1.50958953474018 -0.00236820623824708 0.00604448379287551
-0.157 -1.54693278865595 0.00145310099786202 9.31943771215672e-05
-0.158 -1.54934421928344 0.00226002968326221 -0.00451379568214038
-0.159 -1.53044218886357 -0.000711359245306082 0.00160027064305675
-0.16 -1.5008029204982 -0.000121421125113613 0.00195930175082514
-0.161 -1.49009415176789 -0.00211938658696027 -0.00256607500152269
-0.162 -1.48644426355327 0.00102293204813186 -0.00426169947112777
-0.163 -1.46919616726008 0.00454654243942126 -0.00141479080940855
-0.164 -1.47777844186919 -0.0043654363288175 0.00152417424552017
-0.165 -1.46676937849225 -0.00573518808713041 0.00566234872551941
-0.166 -1.45823866603306 0.00553074697870007 -0.00168031209520751
-0.167 -1.46786137912378 -0.000763156779399829 -0.00183212529065586
-0.168 -1.47222066108208 -0.00234144307721534 0.000444654749908262
-0.169 -1.46097880017589 0.00533202205954291 -0.00423320061807007
-0.17 -1.46965704184785 -0.00487046668276506 0.00443809723350209
-0.171 -1.49041937536553 -0.00301710605383608 0.000116426514923344
-0.172 -1.49312983962948 0.0071805474628935 -0.00869724488897646
-0.173 -1.49043010717691 -0.00907506298272022 0.00672715142656693
-0.174 -1.49597557780394 -0.00150408094231837 0.00111200011292942
-0.175 -1.48273024452866 0.00907789969490939 -0.00859520527537915
-0.176 -1.45136061922203 -0.00278149757661872 0.00174690761000272
-0.177 -1.44293872619386 -0.00857924922182404 0.0058315646810946
-0.178 -1.44026518838004 0.00396014355198559 -0.00592571732041631
-0.179 -1.43870039657813 0.00228524631878457 -0.00426537029412041
-0.18 -1.44587885149203 -0.00662011956294413 0.004235233055448
-0.181 -1.43037031050396 0.00557944461084396 -0.00295466517712344
-0.182 -1.40676991869429 0.00179617556477483 -0.00227632598897931
-0.183 -1.40787151600196 -0.00188165389658804 0.00160416335788777
-0.184 -1.40294451602042 0.00399066470226322 -0.000519631528499399
-0.185 -1.39621261127462 -0.00225518558357369 0.00176046465034627
-0.186 -1.40954420979572 -0.00033438082853113 -0.00255168303224793
-0.187 -1.40613394368344 0.0057066768292182 -0.000880150355229833
-0.188 -1.41335073062981 -0.00300177404847626 0.0039954023412268
-0.189 -1.42712158225292 -0.00282642412586011 0.00154020854859074
-0.19 -1.45095658084136 0.00525869188206008 -0.0050857306245409
-0.191 -1.44740243984197 -0.00229579833706265 0.00215775061412678
-0.192 -1.45473825731266 0.000232366771417342 -0.00290619077341169
-0.193 -1.46529885282458 0.0030963784080981 -0.00238785524805761
-0.194 -1.4581325589649 -0.00185967012913536 0.000444454025248486
-0.195 -1.4756917474264 -0.00214394102694774 0.00271434839166405
-0.196 -1.49250065577302 0.00236870968584425 -0.00146671325395289
-0.197 -1.50579833453461 -0.00264112249044335 6.29353135078652e-05
-0.198 -1.50349737736075 -0.000555955727415951 -0.000229540999589292
-0.199 -1.50920442288097 0.00526022732291957 -0.0029391366332328
-0.2 -1.50081384817336 0.000209417551108869 -0.00225143549441843
