# Time-averaged data for fix at2
# TimeStep f_mysf1[1] f_mysf2[1]
100 0.00318449 -0.349235
200 0.442034 -0.376807
300 -0.334065 0.429296
400 -2.326 0.169661
500 0.754445 1.60131
600 0.982823 0.574511
700 2.60807 -1.11666
800 -1.35055 -0.302427
900 -0.206754 0.287322
1000 0.495753 -0.0677221
1100 0.739874 -0.550018
1200 -0.0686923 -0.396136
1300 -0.76594 -0.925131
1400 -0.62076 -0.801894
1500 0.469536 1.19806
1600 -1.95223 0.81276
1700 1.78432 -1.31372
1800 1.2879 1.23597
1900 -0.090328 2.22982
2000 -2.85625 -0.0839439
2100 -0.508036 -1.50877
2200 0.213862 -0.9358
2300 -0.25252 -1.18921
2400 0.99824 -0.497493
2500 0.000295196 0.799932
2600 0.117327 -1.03165
2700 1.49467 0.312406
2800 0.593461 0.79552
2900 -0.340073 -0.124541
3000 0.343177 0.483615
3100 1.11018 0.467117
3200 -1.43098 -1.74443
3300 -0.71533 1.41915
3400 -1.1948 -0.782226
3500 -0.792039 1.71635
3600 -0.451409 1.44264
3700 0.973623 -0.908776
3800 0.962175 -0.956756
3900 1.49911 -0.162047
4000 0.508791 1.48736
4100 -0.0220647 -0.267161
4200 -0.205613 -0.763682
4300 -1.63454 -1.35703
4400 -0.361725 -0.485452
4500 1.24978 -1.31413
4600 0.134802 -1.01561
4700 0.84168 0.444911
4800 0.47504 3.36734
4900 -1.01238 1.35303
5000 -1.43816 -0.186938
5100 0.0502944 -0.593694
5200 0.227682 -0.886352
5300 -1.34308 -0.303201
5400 0.177813 -0.0375775
5500 1.37257 -0.089053
5600 -1.79525 -0.104796
5700 -0.350399 0.499367
5800 0.673204 -1.23571
5900 1.29679 -0.165792
6000 2.3037 0.429808
6100 1.23337 -1.82841
6200 -1.4142 0.932569
6300 -1.121 0.378127
6400 -0.505197 -0.485586
6500 -0.466915 -0.307192
6600 -0.646973 0.902905
6700 1.10398 0.132417
6800 0.513169 1.82943
6900 -1.30084 0.175991
7000 0.640866 1.44662
7100 1.4149 -1.25669
7200 -0.964693 0.882674
7300 -0.187561 0.083435
7400 0.619382 -1.39448
7500 0.428723 -3.12599
7600 0.772497 -1.68922
7700 0.553407 1.88353
7800 -1.92063 2.2943
7900 -0.0787973 -0.0285687
8000 0.642991 -0.653639
8100 1.21012 -0.344978
8200 -0.27881 -0.466471
8300 -1.77263 0.244853
8400 -0.457825 0.43313
8500 -0.95318 -0.360132
8600 0.106371 0.52192
8700 -1.45684 0.0878552
8800 0.762579 -1.13591
8900 1.01013 0.766015
9000 2.70811 -1.74701
9100 0.318649 -1.08204
9200 -0.938433 1.4135
9300 0.272572 1.34816
9400 -0.793231 -1.09928
9500 -0.0936706 -0.211521
9600 -0.764476 -1.55745
9700 2.31057 -0.540186
9800 -1.07386 0.73213
9900 -0.664375 2.9767
10000 0.38907 1.1725
10100 0.476961 0.143891
10200 -1.18465 0.831504
10300 0.766886 -0.362608
10400 1.38452 -1.26007
10500 0.205862 -0.834301
10600 0.177979 -1.08912
10700 -0.901844 -0.435792
10800 0.472072 0.323291
10900 -0.190307 -0.0882925
11000 2.11036 0.186084
11100 0.403399 -0.827534
11200 -1.14592 1.17406
11300 -0.112929 -0.204034
11400 -2.19122 -0.211862
11500 -0.741058 0.527594
11600 -0.0787621 0.0722252
11700 -0.665 -0.515475
11800 0.27232 -0.0276776
11900 1.01018 -0.0574681
12000 0.408261 -0.459603
12100 0.451849 -0.0635924
12200 -0.975729 0.245177
12300 -0.019383 -1.24562
12400 2.10651 -0.41897
12500 0.942169 -0.278118
12600 -0.637603 -1.75052
12700 -1.13515 0.514678
12800 0.0473594 1.07147
12900 -0.648704 0.806462
13000 0.858671 1.50895
13100 0.538723 0.334149
13200 -0.557092 -0.821826
13300 0.203843 -0.17135
13400 0.584942 0.731931
13500 -0.306041 1.42441
13600 -0.681521 -0.512697
13700 0.481345 -1.59796
13800 -0.253151 -0.591255
13900 2.09849 -1.85798
14000 0.0743794 1.19597
14100 1.93799 0.0270012
14200 0.400141 -0.426544
14300 -1.85248 1.68144
14400 -1.91954 -1.11338
14500 0.353121 -0.375414
14600 1.41983 0.763018
14700 -0.533202 0.306872
14800 -0.958562 -1.52068
14900 -1.33986 0.675592
15000 -0.590818 0.476924
15100 0.102109 1.88929
15200 1.66639 -0.782278
15300 1.30323 -1.52263
15400 -0.223618 -1.64608
15500 -0.0843605 0.252151
15600 -0.817042 -0.056213
15700 0.761511 -1.68001
15800 -0.61676 -0.387097
15900 0.774207 0.84647
16000 1.2744 1.02201
16100 0.634763 -0.633263
16200 -2.0385 1.1578
16300 -0.148031 0.167595
16400 -0.168227 0.319278
16500 -1.45057 1.01564
16600 1.42425 1.0826
16700 0.162701 -1.80771
16800 0.097451 -0.868022
16900 1.23999 0.0611951
17000 -0.377899 0.154494
17100 0.663639 -0.646002
17200 1.45194 -0.242013
17300 -0.45628 -0.767232
17400 0.662538 1.10478
17500 0.856902 -0.590165
17600 -1.7319 -0.550597
17700 -0.803689 0.525786
17800 0.147676 0.96047
17900 -1.05066 -0.73664
18000 -0.439639 1.4814
18100 1.5125 -0.750939
18200 -0.785038 0.878969
18300 -0.329667 -0.223886
18400 0.842272 -1.44344
18500 -0.302577 -0.646779
18600 0.628661 -0.402233
18700 -0.0486346 -0.57996
18800 0.882611 -0.579221
18900 0.449728 -0.915226
19000 -0.610042 -0.559954
19100 1.03669 1.43726
19200 -0.0471722 0.814324
19300 -1.50444 -0.54399
19400 0.536572 1.13301
19500 -0.31956 1.31727
19600 -0.897036 -0.476286
19700 -0.801068 0.824265
19800 0.0408697 -0.494366
19900 0.432141 -1.28016
20000 0.985355 -0.17448
20100 0.913741 0.795875
20200 0.928071 -0.863383
20300 0.603703 1.06987
20400 1.20573 -1.76595
20500 0.310539 -2.23182
20600 -1.2703 0.174274
20700 0.148298 0.9313
20800 -0.0281883 0.558339
20900 0.324882 1.40763
21000 -1.81588 -0.460635
21100 -1.31369 0.235774
21200 0.119987 0.701894
21300 0.815654 -0.356068
21400 1.19623 -1.38046
21500 0.498529 0.710228
21600 -0.856329 0.480123
21700 -1.04837 -1.66863
21800 0.201426 -0.162135
21900 0.942877 -1.29534
22000 1.27617 -0.575225
22100 0.46241 0.382317
22200 0.628715 -0.0321587
22300 -0.765513 0.366145
22400 -0.880067 0.248699
22500 -0.896374 0.855951
22600 -0.0812447 -0.250678
22700 -0.220778 0.895078
22800 1.03483 -0.262982
22900 0.146883 -0.819376
23000 -0.510164 0.0572839
23100 -0.696777 0.970564
23200 1.07685 1.05928
23300 1.54961 -0.996162
23400 0.303941 -1.68178
23500 0.690648 -1.55272
23600 0.984685 -1.18883
23700 -0.544632 1.06395
23800 0.128662 1.59758
23900 -1.06647 1.29299
24000 -0.339755 -0.439546
24100 -0.646009 -1.1694
24200 -0.22058 -0.225369
24300 0.700192 0.515983
24400 1.2448 0.608893
24500 -0.956527 0.114831
24600 -1.70212 0.346344
24700 -1.08879 -0.968246
24800 1.75845 -1.61586
24900 2.93323 -0.224981
25000 0.288693 -0.643903
25100 0.0429135 0.372624
25200 -1.19982 -0.994016
25300 -0.788313 0.220084
25400 -0.71997 0.53093
25500 0.391199 1.3002
25600 1.46767 -0.250704
25700 -0.303396 -0.388449
25800 -1.09318 -1.57307
25900 0.072119 1.00859
26000 -0.717221 3.3392
26100 1.2093 -0.189506
26200 1.07972 -1.60196
26300 -0.686634 -0.643173
26400 1.48619 -1.39288
26500 -0.120113 -1.57374
26600 0.577591 1.63754
26700 0.722555 0.626519
26800 -0.282237 -1.12014
26900 -0.830711 0.176844
27000 0.243168 -0.108511
27100 1.11083 -0.0848524
27200 0.172149 1.31397
27300 -0.616181 -0.0500755
27400 -1.96889 -0.275141
27500 -1.78428 0.345761
27600 0.717605 -1.23197
27700 2.90982 0.262261
27800 0.215691 -0.149299
27900 -0.561788 -0.152926
28000 0.170602 -0.729332
28100 -1.21917 -1.24607
28200 0.465589 -0.549411
28300 1.9856 0.530782
28400 0.870848 -0.187175
28500 -2.06712 0.895523
28600 -0.425547 -0.888211
28700 0.276292 0.266767
28800 -1.02858 1.07915
28900 0.399936 0.951117
29000 0.666207 0.594657
29100 0.711781 -2.20418
29200 -0.178507 0.113784
29300 0.329073 -0.134512
29400 -0.428847 0.389445
29500 1.28842 0.645946
29600 0.314433 -1.88715
29700 0.572465 -1.92766
29800 0.727886 0.590811
29900 0.45797 1.36238
30000 -0.495572 0.748491
30100 -1.32784 0.663581
30200 -0.819306 -0.655577
30300 0.622353 -0.398491
30400 -1.0216 0.534277
30500 1.29872 -0.799167
30600 0.300412 -0.213741
30700 -0.260066 0.669345
30800 0.111804 0.0620889
30900 -0.980403 -1.4445
31000 1.00835 -0.210586
31100 1.12855 0.587739
31200 0.803711 -1.87946
31300 -1.15326 -1.19905
31400 0.215307 0.883427
31500 -0.724424 0.49288
31600 0.0191438 0.41346
31700 -0.103076 1.28361
31800 1.55321 -0.554234
31900 -1.339 -0.536303
32000 -0.525042 -0.639625
32100 -0.387452 -0.174537
32200 1.31341 1.02772
32300 -0.899498 0.951666
32400 0.196282 -1.70554
32500 2.23622 -0.981182
32600 1.30935 -0.357579
32700 -0.0789248 0.627746
32800 -0.0373378 -0.533041
32900 -0.972378 0.532268
33000 -0.266738 0.301052
33100 -0.520742 -0.175123
33200 0.475372 -0.0764814
33300 0.661224 2.3668
33400 -0.111887 -1.84098
33500 -0.280818 0.456064
33600 -0.528257 -1.19848
33700 0.846076 0.883052
33800 0.533967 0.259639
33900 0.112827 0.0592484
34000 1.29397 -1.24109
34100 -0.39332 -1.50344
34200 -2.46588 0.0326483
34300 1.32654 -1.01946
34400 1.28018 -0.52272
34500 -0.247456 1.73452
34600 -0.805383 -0.225109
34700 -1.17405 -0.377728
34800 0.919191 1.43223
34900 0.398741 -1.38951
35000 0.306573 0.647367
35100 -0.650511 0.355834
35200 0.15248 0.0213154
35300 -0.761279 -0.86506
35400 0.233859 -1.29473
35500 0.66953 -0.300313
35600 2.28037 0.360647
35700 0.669061 0.174993
35800 0.226259 -0.0769978
35900 -0.403103 -0.587735
36000 -0.0408822 0.803916
36100 -0.998263 0.693474
36200 -0.0608229 0.242711
36300 0.787955 -0.667843
36400 -0.610734 -0.511844
36500 -1.06983 1.41789
36600 0.538679 -0.967758
36700 0.65983 0.341058
36800 0.457725 1.18105
36900 1.26947 -2.17706
37000 -0.0499689 -1.21894
37100 -0.356549 -0.434483
37200 0.522203 -0.673574
37300 -0.0115401 0.452158
37400 0.155714 0.592246
37500 -0.684321 -1.13685
37600 -1.25978 0.0351442
37700 0.624071 1.16898
37800 1.11475 -0.0614531
37900 0.254429 0.395705
38000 -1.54906 0.72558
38100 -0.421556 -1.40416
38200 0.255985 0.679768
38300 -0.184997 -0.384878
38400 0.56815 -1.12345
38500 1.71273 -0.786051
38600 1.16534 0.0563647
38700 -0.665669 -0.788742
38800 -0.20123 1.37972
38900 0.379184 -0.151746
39000 1.03291 0.283229
39100 0.367135 -1.02038
39200 -2.03496 -0.294177
39300 0.803966 0.570685
39400 -0.823229 0.937286
39500 0.442597 1.22645
39600 -0.603298 -0.138688
39700 0.327235 -0.760375
39800 0.172002 -0.583153
39900 1.52971 -1.39947
40000 1.06835 -0.234984
40100 -0.495811 0.344874
40200 -1.16694 -0.799225
40300 0.0793998 -0.977465
40400 0.271211 0.4813
40500 1.6105 0.910391
40600 0.188551 -1.28844
40700 -0.627154 0.231214
40800 -0.717818 0.527598
40900 -1.32749 0.457333
41000 -0.431945 -0.17164
41100 0.708193 0.800602
41200 1.16138 -0.0493344
41300 0.497108 -1.92134
41400 -0.220071 -0.943974
41500 0.192714 1.08534
41600 1.08614 0.123535
41700 0.472108 -0.67751
41800 -0.673861 -0.121842
41900 -0.402824 -0.792161
42000 0.430205 -0.812903
42100 1.18889 0.505228
42200 -0.596497 1.01835
42300 0.166686 0.160241
42400 -1.22899 0.702689
42500 -0.504948 0.311407
42600 0.986846 -0.128628
42700 1.00683 -0.274766
42800 0.233263 -0.704882
42900 0.171893 0.0874563
43000 -1.29289 -1.45444
43100 0.166609 -0.311533
43200 1.67602 -0.283596
43300 1.02555 1.42425
43400 0.165955 -1.20987
43500 -0.809572 -0.253661
43600 -0.0727789 -0.606255
43700 -0.428157 -0.119918
43800 0.473511 1.42986
43900 -0.507178 -0.133408
44000 -1.19369 -0.321451
44100 -0.0797646 -0.60597
44200 1.69828 0.732238
44300 -0.0916482 -1.02161
44400 0.102724 1.06145
44500 -0.517596 -1.12305
44600 -0.0857793 -0.103448
44700 1.94487 -1.37283
44800 1.13022 -0.0209162
44900 -1.73956 0.865113
45000 0.623495 -0.772921
45100 0.389986 -0.194638
45200 -0.00817128 -0.221548
45300 -1.00292 0.459984
45400 0.89001 1.9105
45500 -0.129349 -0.211632
45600 0.0794323 0.0552312
45700 -0.675311 -0.640821
45800 -0.269733 -1.39958
45900 0.891165 0.674425
46000 1.76765 -0.197847
46100 0.753195 -0.393843
46200 -1.77756 0.510018
46300 0.51515 -0.184575
46400 0.549727 -1.91482
46500 0.68361 -0.123829
46600 0.711765 1.57128
46700 -0.709742 0.364543
46800 -1.47082 -1.6589
46900 -0.136163 0.261971
47000 0.291996 -0.0588895
47100 0.449468 0.27423
47200 -0.670042 1.28169
47300 -0.26937 -0.572999
47400 1.37271 -1.66953
47500 -0.279405 0.0779242
47600 0.0248489 0.177829
47700 -0.139081 -0.365997
47800 0.279318 -0.492957
47900 1.12254 -0.975776
48000 0.969246 -0.96397
48100 -1.16382 -0.52452
48200 0.702147 1.97156
48300 0.23592 1.13212
48400 -1.16387 0.366438
48500 0.830206 -1.11509
48600 0.0811662 -0.200547
48700 -1.76767 0.81464
48800 0.0729922 -0.34768
48900 1.88832 -0.63244
49000 1.43312 -1.5171
49100 -0.984752 2.29039
49200 -0.301599 -0.0459807
49300 1.03751 -0.875085
49400 1.04584 -1.33972
49500 1.07429 -0.533163
49600 -1.10674 0.8949
49700 -1.55277 -0.0578941
49800 0.0506031 -0.618964
49900 1.29539 -0.933655
50000 -0.0332334 2.43308
50100 -0.571445 0.907783
50200 -0.423781 -0.859601
50300 0.457457 -0.874338
50400 -0.443864 -0.688174
50500 0.944238 -0.0287414
50600 -1.18539 0.452898
50700 1.21723 -0.928141
50800 0.690611 -1.30973
50900 -0.507553 0.00155484
51000 -1.11954 -0.256165
51100 0.883744 -0.0870228
51200 1.72044 -0.411426
51300 0.146458 -0.00497347
51400 -0.933764 0.507827
51500 -0.545607 0.670318
51600 1.1161 -0.0902013
51700 -0.313184 -0.867826
51800 -1.64444 -1.08401
51900 0.843901 1.80022
52000 1.56072 0.416397
52100 0.960602 -0.305933
52200 -0.555944 0.0595496
52300 0.288252 0.471935
52400 0.0147058 -0.261359
52500 0.10054 -1.35401
52600 1.29439 -0.292544
52700 0.370401 -0.39351
52800 -1.32346 1.14365
52900 0.807616 0.0912405
53000 -0.138657 -1.65241
53100 -0.27924 0.587876
53200 -0.181284 1.3044
53300 1.27795 -0.479244
53400 -0.209891 -0.490021
53500 -0.759494 -0.354685
53600 -0.744125 -1.12345
53700 0.277107 -0.13294
53800 -0.608895 0.183957
53900 1.07055 -0.00351657
54000 0.19252 -1.51163
54100 0.249117 0.572282
54200 0.337333 -0.973327
54300 1.12426 0.264473
54400 -1.72327 0.743207
54500 -0.49519 -0.218286
54600 0.0522276 -0.861786
54700 1.16639 -0.690576
54800 -0.361004 0.150576
54900 0.487756 1.18611
55000 0.213724 0.925025
55100 0.308895 -0.514602
55200 0.0143523 -0.519566
55300 1.23778 0.642465
55400 -0.527943 -0.540237
55500 0.9064 -0.932256
55600 -0.152448 0.637235
55700 0.0443366 -0.24865
55800 0.425034 -0.391256
55900 -0.274734 0.983476
56000 -0.558561 -0.682178
56100 2.09017 -0.213527
56200 1.25281 -0.549341
56300 -1.11372 1.87004
56400 -0.792408 -0.535246
56500 -0.965144 -0.568082
56600 -0.223153 -0.812258
56700 0.395071 -0.291955
56800 0.862356 -1.08273
56900 -0.0115982 1.73917
57000 -0.360113 -0.969304
57100 0.205774 -1.7702
57200 -0.444438 0.0761737
57300 0.443158 1.42352
57400 0.517779 0.652595
57500 -0.861899 -1.44731
57600 -0.0956973 -2.0005
57700 0.0307014 -0.375874
57800 0.743477 0.830344
57900 -0.631883 0.981849
58000 0.822684 0.513131
58100 0.402695 -1.04455
58200 -0.327837 -0.0332183
58300 0.545229 0.310163
58400 1.05301 0.491376
58500 -0.133699 -0.136116
58600 -1.13044 -0.595376
58700 -0.440069 0.185588
58800 1.33102 -0.564663
58900 1.39629 -0.193331
59000 0.791014 1.61434
59100 0.115359 0.457137
59200 -0.165012 -1.24179
59300 -0.745218 -0.689536
59400 0.166689 0.598101
59500 0.842948 -0.199226
59600 -0.586954 -0.0481792
59700 -0.20499 -0.474208
59800 -0.370905 -1.26675
59900 0.204685 -0.31195
60000 0.415162 1.3292
60100 0.278731 0.871599
60200 0.0461037 -0.718746
60300 0.0350323 -1.25985
60400 -0.518641 0.494103
60500 -0.909763 -0.679363
60600 0.153485 -1.93198
60700 0.712466 0.22088
60800 0.902454 1.69608
60900 -1.85602 -1.71608
61000 -0.63367 -0.529342
61100 2.95407 0.802952
61200 0.50196 0.87731
61300 -1.13494 -0.305988
61400 -0.151872 -0.286157
61500 0.473295 -0.463076
61600 0.611416 -0.505984
61700 -0.788755 -0.260561
61800 0.0333643 -0.0629688
61900 -0.0528765 1.02485
62000 1.41126 0.201703
62100 1.35847 -0.805874
62200 0.611921 0.824709
62300 -0.758698 0.139425
62400 0.543093 -0.346857
62500 -0.13225 0.124639
62600 -1.3538 -0.389467
62700 -0.0640941 -0.879639
62800 1.07633 0.309672
62900 0.739644 0.0123919
63000 0.503566 -0.403238
63100 -0.424176 0.982489
63200 0.896183 0.449734
63300 -0.985532 -0.451497
63400 -0.309943 -1.58939
63500 -0.693922 -0.614144
63600 1.43032 0.282897
63700 0.897862 -1.01134
63800 -0.866982 0.242781
63900 -1.80101 -0.22017
64000 0.256446 -0.932187
64100 1.56597 0.690833
64200 0.580581 1.05823
64300 0.445296 -1.00671
64400 -0.537029 -1.00936
64500 -1.22838 -0.72998
64600 0.399091 -0.317644
64700 -0.340195 1.41418
64800 0.496057 -0.563984
64900 0.924915 0.476948
65000 0.245017 -0.662421
65100 0.619763 -0.45577
65200 0.572528 1.06224
65300 0.588723 1.25311
65400 -0.712938 0.0959435
65500 -0.451794 -1.29789
65600 0.344246 -2.03838
65700 0.508848 0.0345797
65800 0.964972 0.72494
65900 0.645635 0.776671
66000 -0.299465 -0.0307712
66100 -0.877462 1.1741
66200 0.113556 -0.917915
66300 1.50547 -0.366386
66400 0.879475 -0.151942
66500 -0.892886 -0.794636
66600 -1.04222 -0.758487
66700 -1.48113 0.39061
66800 0.0250304 -0.0131123
66900 1.05144 -1.19799
67000 1.45815 -0.20951
67100 0.91456 1.70366
67200 -0.594506 -0.620796
67300 -0.438447 -1.10722
67400 -0.343222 -0.296793
67500 -0.659407 -0.565417
67600 -0.541788 0.21426
67700 0.270495 -0.0987658
67800 0.394203 -1.2751
67900 1.11907 -0.338196
68000 1.33582 -0.023907
68100 -1.00396 2.06837
68200 0.423668 0.229007
68300 0.377061 0.74515
68400 0.18089 -2.34704
68500 -0.214978 -0.789046
68600 0.0788865 0.535205
68700 0.103077 0.730094
68800 0.858245 -0.394935
68900 -0.157561 1.57181
69000 0.0622294 -0.220374
69100 0.553941 -0.0162499
69200 1.32852 -1.32502
69300 1.41251 0.210838
69400 -0.985964 0.754005
69500 -0.496977 -0.825127
69600 -1.22575 -0.979035
69700 -0.276595 0.154894
69800 0.558569 -0.242163
69900 0.819451 0.196854
70000 0.833 -0.198397
70100 0.719901 0.271353
70200 -1.54196 -1.36902
70300 -1.11931 -0.386029
70400 -1.00417 0.224259
70500 1.61453 0.354335
70600 1.16199 -1.92321
70700 -0.395449 -0.351216
70800 -1.28262 -0.548635
70900 -0.110371 -0.831948
71000 1.57527 0.526981
71100 0.463579 2.45264
71200 0.121911 -0.0393127
71300 -0.800926 -0.581987
71400 0.538174 -1.44277
71500 0.428819 -1.21218
71600 -1.14733 0.579352
71700 0.902554 0.951665
71800 0.987858 0.841263
71900 -0.118475 -0.752925
72000 1.60081 0.772317
72100 0.737389 -0.67918
72200 0.0574484 0.501245
72300 0.213285 0.356827
72400 0.581282 -1.74239
72500 -0.647158 -0.500859
72600 -1.2852 0.966503
72700 -1.13034 0.45702
72800 2.26531 -0.635867
72900 1.50498 -0.497204
73000 -1.08041 0.742674
73100 0.329197 -1.08677
73200 -0.330888 0.441269
73300 0.44475 0.0439217
73400 -1.20473 -0.59929
73500 0.301279 -0.991284
73600 -1.48258 -0.490917
73700 0.559088 -1.08879
73800 1.35185 -0.296758
73900 1.01359 -0.680864
74000 -0.617087 -0.076914
74100 0.593047 1.21258
74200 -0.366849 -0.305672
74300 -0.669133 0.0806897
74400 0.257455 0.0398861
74500 0.40654 -0.384101
74600 -0.664469 -1.27378
74700 0.353433 -0.650013
74800 0.985949 1.34586
74900 -0.0193416 1.01765
75000 0.593625 0.30843
75100 0.691642 0.4097
75200 0.257171 -1.50968
75300 -0.482088 -0.865939
75400 0.823471 0.314221
75500 0.768286 -0.817235
75600 0.053249 0.0250807
75700 0.0230348 0.849046
75800 -0.0753577 -0.543088
75900 0.650028 -0.14605
76000 0.905443 1.10299
76100 -0.177733 0.0218512
76200 -0.656469 -1.02519
76300 -0.52494 -0.461864
76400 0.581047 0.46185
76500 0.0509844 0.430305
76600 -0.791484 -0.851963
76700 1.90882 -0.0729659
76800 0.312998 -0.396985
76900 -0.521742 -1.81341
77000 -0.210004 -1.66571
77100 -1.01012 0.938968
77200 1.31056 1.12025
77300 0.152671 0.840504
77400 -0.0146034 -1.4968
77500 -0.38523 -0.189538
77600 -0.350769 -1.15202
77700 -0.0836933 -0.781334
77800 0.581699 -0.165451
77900 -0.565378 1.75066
78000 1.04815 -0.118443
78100 -0.592097 -0.544965
78200 0.446319 0.651355
78300 0.458086 -0.851954
78400 1.60821 -0.404151
78500 1.12478 0.969341
78600 -0.644021 -0.46794
78700 0.10344 -2.70416
78800 0.280759 0.752292
78900 -0.264171 1.99103
79000 0.55923 1.29051
79100 0.900719 -0.787389
79200 2.38225 -0.070519
79300 -2.05903 -0.411382
79400 -1.14172 -0.661603
79500 0.56451 1.30685
79600 0.572334 -0.657913
79700 -0.0145334 -0.980895
79800 -1.95982 -0.852491
79900 0.599255 -1.22209
80000 1.54261 -0.106846
80100 0.729168 0.176324
80200 0.730881 0.242277
80300 -1.36264 0.0395487
80400 -0.00399684 -0.583624
80500 -1.46758 -0.262279
80600 -0.248164 -2.65261
80700 0.822196 0.65793
80800 -0.212182 -0.0764974
80900 0.027283 0.292799
81000 -0.00167884 -0.0481596
81100 1.0261 -1.06977
81200 0.202002 2.3366
81300 1.75856 0.969817
81400 -0.59337 -1.11856
81500 -1.04418 -1.59372
81600 0.322356 -0.179344
81700 0.878748 -0.898362
81800 1.05855 0.216895
81900 -0.442294 1.4391
82000 1.44575 1.66253
82100 0.709021 -0.637602
82200 -0.484563 -0.391233
82300 1.42844 -0.892841
82400 -0.082236 1.14287
82500 -0.0789689 -0.197252
82600 -0.114032 -0.308576
82700 -0.243692 -0.792309
82800 -1.50756 -0.890636
82900 0.765629 0.178423
83000 0.767706 -0.473488
83100 1.41123 1.3869
83200 0.996142 -0.643141
83300 -0.93443 -0.692221
83400 -1.31648 -0.577047
83500 -0.461896 -1.75735
83600 -0.127776 -1.08664
83700 -0.0447322 -0.20429
83800 0.0733289 -0.0560777
83900 0.0530945 0.808296
84000 -1.09872 -1.17616
84100 0.483023 -0.182258
84200 0.905414 0.701384
84300 0.8515 1.08972
84400 1.13664 0.476492
84500 -1.4792 -2.0387
84600 0.752103 -2.29987
84700 -0.670618 0.0733683
84800 0.332823 1.32278
84900 1.83479 1.66506
85000 1.06158 -0.893942
85100 0.47712 0.632885
85200 -0.035302 -0.297135
85300 -0.490841 -0.396634
85400 1.84979 0.977737
85500 -0.0905621 0.466126
85600 0.242994 0.841882
85700 -1.65541 -1.21755
85800 0.165743 -0.846957
85900 0.342972 -0.639229
86000 2.11063 1.22617
86100 1.3181 -0.657515
86200 -0.609317 -0.17759
86300 -1.31146 -0.547539
86400 -0.492922 -1.14094
86500 1.27403 -0.917647
86600 -0.156307 -0.149032
86700 -0.82504 0.230647
86800 0.0484523 -1.72595
86900 -1.42771 0.0408866
87000 -1.07295 0.055934
87100 0.826211 -0.0117335
87200 1.29374 0.80181
87300 0.186254 0.0723277
87400 -0.14297 0.358923
87500 -0.0625037 -3.08635
87600 0.133475 -0.462003
87700 0.323879 0.856459
87800 -0.445137 -0.633606
87900 -0.192215 -0.333207
88000 2.81562 0.324827
88100 1.80195 0.62112
88200 -0.329154 0.452032
88300 0.205578 1.19868
88400 0.244299 -0.433394
88500 0.0967747 0.49791
88600 0.0229669 -0.182954
88700 0.434276 -1.39485
88800 0.663197 -0.473937
88900 -1.23704 1.39218
89000 0.816852 -0.152511
89100 1.05294 0.231347
89200 0.488688 0.879519
89300 -1.51079 -0.560668
89400 1.23425 -1.12332
89500 0.765035 -2.34625
89600 0.327179 0.0961871
89700 -1.6281 -0.0306244
89800 -0.487097 0.384588
89900 -1.07051 -1.61088
90000 1.12844 -0.477184
90100 -0.250535 -0.491592
90200 0.993188 -0.921615
90300 -0.137245 1.47742
90400 -0.0756331 -0.887058
90500 -0.98753 0.232966
90600 -0.888952 -0.868427
90700 -0.402406 -1.19022
90800 1.85054 0.359849
90900 1.85857 -0.28228
91000 0.186615 -0.207964
91100 -0.309848 -0.134933
91200 -0.501996 1.64417
91300 -0.169492 0.639236
91400 1.4309 0.765668
91500 0.883683 -0.922526
91600 0.648422 -0.706823
91700 0.18632 -0.0900968
91800 1.13349 -0.363808
91900 -0.627031 0.128873
92000 0.36037 2.58133
92100 -0.218251 0.129701
92200 1.05775 -1.82065
92300 -0.422908 -0.846571
92400 0.562029 0.593722
92500 0.0440705 -0.48917
92600 0.0247899 -0.545527
92700 -0.132041 -0.836246
92800 -1.14895 0.409381
92900 0.0999407 -0.982759
93000 1.30102 -0.64465
93100 -1.1277 -0.730558
93200 0.176546 0.197903
93300 0.307985 -0.772847
93400 -1.04221 0.044902
93500 -0.984849 0.259947
93600 -0.137481 0.0884176
93700 0.838975 -0.861707
93800 0.246619 -0.0310399
93900 0.721189 -1.35573
94000 0.851032 -0.498298
94100 0.791863 -0.377603
94200 0.0314381 0.224381
94300 0.217465 0.780014
94400 0.825343 0.761747
94500 0.381847 0.535457
94600 -0.0363951 -1.19682
94700 2.21204 -0.234406
94800 -0.634829 -0.146135
94900 -0.525188 -0.400805
95000 -0.52437 1.6789
95100 -0.761512 1.16303
95200 2.63236 -0.595084
95300 -0.100603 0.78593
95400 0.246704 -0.582114
95500 1.59298 -1.14419
95600 -0.51498 -0.0381621
95700 0.0325286 -1.03208
95800 -0.817181 -1.4972
95900 -0.434446 0.738324
96000 1.22382 -0.944697
96100 0.536225 -0.324277
96200 0.136578 -0.782098
96300 -0.694381 -0.664236
96400 -1.14887 1.01072
96500 -0.0417769 0.505084
96600 -2.0832 -0.422391
96700 -0.791947 -0.657649
96800 0.698571 -0.559602
96900 0.228884 -0.327137
97000 1.00699 -1.87687
97100 0.70023 -1.21542
97200 1.03268 -0.210572
97300 0.498386 1.62517
97400 0.809339 0.381423
97500 -0.477265 -0.943172
97600 1.94788 -0.983396
97700 0.224587 1.48866
97800 0.20997 -0.0722536
97900 -0.218667 0.204946
98000 -0.247829 -0.042445
98100 -0.147198 1.82826
98200 0.332769 2.30246
98300 -0.4388 -0.0669913
98400 1.11401 -1.34274
98500 1.83972 0.777614
98600 0.717822 -1.17678
98700 -0.851834 -2.51596
98800 0.740701 0.0856964
98900 -0.201933 1.11735
99000 -0.272 -1.76946
99100 0.100493 -1.65796
99200 0.377977 -0.416947
99300 0.547861 0.836417
99400 -0.726349 -0.17295
99500 -1.03117 -0.266983
99600 -1.63788 -1.25326
99700 -1.26434 1.62956
99800 0.433341 -1.00632
99900 0.12632 -1.33102
100000 1.60006 0.199368
100100 -0.266957 -0.772639
100200 -0.100742 0.089311
100300 -0.0154682 -0.677219
100400 0.723827 -0.132294
100500 1.43297 0.372668
100600 2.01392 -0.53528
100700 0.148447 0.22739
100800 -0.769774 -0.122689
100900 -0.398563 0.529943
101000 0.358672 -0.165296
101100 0.730109 0.700402
101200 0.692253 1.07524
101300 -0.499479 0.548467
101400 1.14426 -0.428024
101500 -0.195698 0.41049
101600 0.804848 0.308133
101700 0.171201 0.667325
101800 -0.378338 -1.28562
101900 0.188532 -1.1174
102000 1.12741 -1.42272
102100 1.16053 -0.396795
102200 0.509564 -0.973685
102300 -1.14101 0.67545
102400 -0.197258 0.53593
102500 -1.88698 -0.782067
102600 1.49882 -0.759741
102700 -1.39215 -0.201701
102800 0.197915 -0.479223
102900 0.0526689 0.229917
103000 -0.744441 -1.20828
103100 -1.14375 -0.066613
103200 -0.726231 1.00646
103300 0.980952 -1.1978
103400 2.61846 -2.0088
103500 0.608317 0.178331
103600 0.912955 -0.0799285
103700 -0.507156 -0.182568
103800 0.746981 0.908691
103900 0.0421294 0.712338
104000 -0.919035 -0.840463
104100 1.45744 1.52572
104200 0.00360943 0.0882237
104300 -0.156486 -0.980653
104400 0.800877 0.26217
104500 1.22462 1.00029
104600 -0.724626 0.549962
104700 0.147142 1.42832
104800 0.473366 -0.454989
104900 1.9702 -1.05167
105000 1.19667 -2.56787
105100 0.505504 -0.0750421
105200 -1.24858 -0.389898
105300 -0.886717 0.114196
105400 -0.931672 -0.0346277
105500 -0.00256022 -0.272117
105600 0.889323 -0.392814
105700 0.436298 -0.207562
105800 -0.672106 -0.798982
105900 -1.02496 0.352943
106000 -0.130773 0.184977
106100 -0.4161 -0.958018
106200 -0.312471 -0.61039
106300 -1.43694 -0.263854
106400 0.771943 -1.96406
106500 1.23711 0.167377
106600 0.937511 -1.72743
106700 0.621156 0.438598
106800 1.64482 1.21642
106900 -1.01912 0.728802
107000 1.05569 0.51764
107100 -0.470516 -0.451338
107200 0.713192 -1.4798
107300 0.455886 1.10835
107400 -0.53268 1.48332
107500 -0.17156 -0.405581
107600 0.637655 -0.40897
107700 0.880955 1.78816
107800 0.646329 1.10734
107900 1.07825 -0.651269
108000 1.19614 -0.917862
108100 0.238633 -0.168089
108200 0.615175 -0.82262
108300 0.111918 -1.67508
108400 -1.37492 0.514376
108500 -0.373244 -0.559954
108600 0.837565 -0.957782
108700 -0.368496 -0.187382
108800 -1.13026 -0.0596422
108900 0.501789 0.577105
109000 -0.426505 -0.272899
109100 -0.92051 -0.250292
109200 -0.599155 -0.704561
109300 -0.499538 -0.184493
109400 0.0528234 -1.35917
109500 -0.860657 -1.24481
109600 1.35377 -1.34978
109700 1.2752 -1.52002
109800 1.03163 1.83306
109900 -0.354096 1.02583
110000 0.271569 -0.381308
110100 0.981132 -0.409165
110200 0.987446 0.0518942
110300 -1.09625 -0.32371
110400 0.621474 -0.781141
110500 -0.865967 2.60452
110600 -0.355693 1.81677
110700 0.798318 0.174129
110800 1.18205 -0.551156
110900 1.81915 0.173793
111000 0.0703592 0.261395
111100 1.32906 0.00174669
111200 1.33511 -2.05555
111300 -0.397169 -1.1034
111400 -1.08836 1.30882
111500 0.494536 -0.75793
111600 -0.324165 -1.23544
111700 1.08007 -0.434686
111800 -0.597564 0.464347
111900 0.0493156 -0.303409
112000 -1.55552 0.915371
112100 0.20416 0.0753736
112200 0.114278 -0.646105
112300 -1.07441 -1.27044
112400 -1.53629 -1.21103
112500 -0.379463 -0.333018
112600 1.6855 -1.66359
112700 1.46739 -0.296255
112800 -0.161401 -0.268158
112900 -0.564061 0.649153
113000 1.90919 0.804868
113100 0.781152 -0.522811
113200 -0.188471 -1.26947
113300 -0.362891 -0.803383
113400 -0.938089 0.811599
113500 -0.361857 1.48111
113600 0.667707 -0.310356
113700 1.14961 0.175816
113800 1.07222 1.16284
113900 -0.120083 1.50762
114000 0.557886 -0.462093
114100 1.57502 -0.596079
114200 0.598848 -1.03127
114300 0.382479 0.465991
114400 0.174106 -0.619908
114500 0.988759 -0.894053
114600 -1.35589 -0.821144
114700 0.725049 -0.409998
114800 -0.0341089 0.85014
114900 0.0760435 0.798363
115000 0.565662 0.0177314
115100 -0.462429 -0.511065
115200 -0.8766 -0.290552
115300 -0.467414 -0.974319
115400 -1.04851 -0.258879
115500 -0.280254 -0.802956
115600 0.120443 0.0651541
115700 0.784857 -1.20792
115800 -1.71165 -2.78828
115900 1.60174 0.203751
116000 1.56657 0.807891
116100 0.0681091 0.320457
116200 0.370769 -0.505062
116300 0.489333 -0.737807
116400 -1.73349 0.14875
116500 -0.22462 -0.776747
116600 -0.402092 0.837773
116700 2.53585 0.515651
116800 -0.401899 0.750325
116900 -0.524162 0.31668
117000 -0.275915 0.546545
117100 1.34338 -0.441771
117200 2.429 1.33025
117300 1.27547 -0.0945099
117400 0.619172 -0.165248
117500 -0.455755 -0.552059
117600 -1.07343 -0.0821293
117700 0.349785 -1.88208
117800 0.689584 0.572668
117900 1.464 0.34152
118000 0.204614 0.333015
118100 -1.24146 0.6596
118200 -0.351419 -1.47278
118300 -0.907306 0.235858
118400 -0.528396 0.394006
118500 1.3413 -0.0869243
118600 -1.31852 -1.04003
118700 -0.828023 -1.97383
118800 -0.315724 -0.920686
118900 -0.370139 -1.38642
119000 1.48132 -0.392344
119100 0.622352 0.914357
119200 0.45378 1.09923
119300 0.0435523 -1.96933
119400 -0.426642 -2.24155
119500 -0.368894 0.547716
119600 0.368869 1.00097
119700 1.66177 1.67425
119800 -1.88078 0.659378
119900 -0.743351 -0.779101
120000 0.532267 -1.36193
120100 1.26965 1.05963
120200 1.89518 1.55547
120300 2.14012 0.772555
120400 0.415096 0.309034
120500 -1.07173 -1.24569
120600 -0.80182 -0.589389
120700 0.554863 -1.27558
120800 2.18898 0.308408
120900 0.950729 0.662844
121000 -0.117265 -0.949481
121100 -0.4939 0.484564
121200 -0.994629 -0.489102
121300 -0.585746 0.582653
121400 0.571558 0.348158
121500 0.896107 1.40985
121600 -0.439402 -1.47234
121700 -1.74801 -1.97427
121800 -0.926838 -2.16596
121900 -0.630221 -0.631849
122000 0.717902 0.517782
122100 0.111744 1.40554
122200 2.13586 -0.426938
122300 0.261846 -1.05142
122400 -0.132222 -2.35507
122500 0.284061 0.458355
122600 -0.629923 -0.454882
122700 -1.08274 0.420092
122800 0.815781 0.79474
122900 -0.400901 -0.110661
123000 -1.33863 -1.23947
123100 0.124776 0.856383
123200 1.14424 1.9924
123300 3.58852 1.22989
123400 0.524608 0.459984
123500 -0.215758 -1.5866
123600 -0.321924 0.371228
123700 -0.121724 -0.648748
123800 1.68523 -0.40437
123900 0.38582 -1.11788
124000 1.24357 0.542397
124100 0.0045811 0.176756
124200 -0.417302 -0.459744
124300 -0.815507 -0.3957
124400 0.368133 1.11186
124500 1.19417 2.81908
124600 0.572518 -0.793124
124700 -1.81142 -0.932391
124800 -1.81573 -1.89832
124900 -0.424565 -1.70892
125000 0.515629 0.354408
125100 -0.681789 -1.87695
125200 1.46651 0.833493
125300 0.962118 0.0874892
125400 -0.212334 -1.67539
125500 -0.512738 -1.82861
125600 -0.0372529 0.661758
125700 2.80158 0.0511221
125800 -0.413744 -0.0312051
125900 -2.42833 -0.250072
126000 -2.53816 -0.649406
126100 0.000487078 0.16469
126200 0.855807 0.502185
126300 1.69164 0.378204
126400 1.75331 1.94768
126500 0.103529 1.29849
126600 -0.874527 0.507814
126700 1.02943 -2.70856
126800 0.769767 -1.07852
126900 2.19909 1.77679
127000 0.47301 0.453903
127100 -0.36558 -1.65952
127200 0.216431 -1.50213
127300 0.810451 -0.201225
127400 -0.290061 1.97985
127500 -0.194314 1.49192
127600 0.334672 0.985055
127700 0.608353 -0.154674
127800 0.189661 0.106908
127900 -1.02722 -1.70675
128000 -2.81664 -1.44981
128100 -0.514311 0.388892
128200 2.04445 -0.817678
128300 0.0996032 -1.02469
128400 -1.25202 -0.921571
128500 0.205152 -0.953052
128600 1.81627 -0.299871
128700 0.874847 1.12854
128800 0.661978 -1.26187
128900 -0.0858786 -0.414252
129000 -1.27191 -1.45291
129100 -1.10011 1.8349
129200 -2.24847 -1.11045
129300 0.308552 -1.51687
129400 2.10329 2.1012
129500 0.203623 0.798122
129600 -0.548908 0.443687
129700 0.244818 -0.880193
129800 2.07689 1.24494
129900 0.977983 0.56087
130000 -0.168218 -0.838022
130100 1.33189 -0.199384
130200 -1.05154 -0.62662
130300 -0.616926 -1.1749
130400 1.08738 -0.168688
130500 1.57558 -0.483082
130600 -0.242356 0.511773
130700 1.34432 2.92249
130800 -0.265913 0.912815
130900 0.309508 -1.8903
131000 -0.961381 0.124244
131100 0.0983989 -0.0328423
131200 -0.838646 -0.63932
131300 -1.4966 -1.63595
131400 0.369469 -0.470789
131500 0.177524 0.889119
131600 1.31147 -1.03262
131700 0.295093 -0.534603
131800 -0.0634934 -0.557147
131900 0.506623 0.75674
132000 -0.0823374 -0.0269318
132100 1.05685 -1.56783
132200 -1.88196 -1.80211
132300 -0.672505 -0.502631
132400 -0.337362 1.09362
132500 -0.522819 -0.372226
132600 -0.0451556 0.81085
132700 0.755484 0.615797
132800 1.49953 -0.560287
132900 0.876833 0.640315
133000 -1.05722 0.291253
133100 0.155223 -0.047433
133200 1.25386 -0.722052
133300 1.14582 -0.0877023
133400 -0.962427 -0.226501
133500 -0.740025 -0.503215
133600 0.6034 -0.388813
133700 1.94704 0.571793
133800 1.23543 1.52525
133900 0.600812 0.184797
134000 1.06639 -0.322183
134100 -1.88712 0.503264
134200 -1.68411 -0.152681
134300 -0.0852974 -0.865138
134400 0.638704 -1.20433
134500 0.363378 1.11703
134600 -0.822874 0.409097
134700 -0.357336 -1.84351
134800 0.890826 0.0549508
134900 0.849819 0.379265
135000 0.511445 -0.847652
135100 0.279198 0.26938
135200 0.00671313 -1.32567
135300 -0.782616 -0.495309
135400 -1.89258 -1.55116
135500 0.273585 -1.13627
135600 -0.81103 1.10703
135700 0.0833557 1.94055
135800 1.04285 0.0243826
135900 1.07374 -0.74208
136000 0.377773 -0.807914
136100 0.371918 0.296822
136200 -1.37575 1.11723
136300 0.242801 -0.498361
136400 0.382067 -0.735778
136500 1.02911 0.0189668
136600 -0.762077 -1.5738
136700 -0.124112 0.367142
136800 1.37897 1.36804
136900 0.716188 0.668966
137000 1.36995 0.11145
137100 -0.0899333 -0.197576
137200 0.0854878 1.23907
137300 0.675721 -0.397995
137400 -1.13396 -0.452552
137500 -1.46366 -1.52899
137600 0.609005 1.14056
137700 -1.2754 -0.186303
137800 1.53891 0.334509
137900 0.908273 0.150968
138000 0.252232 -0.866988
138100 1.10248 0.925824
138200 1.62609 -0.307559
138300 -1.53277 -1.10331
138400 -1.24375 -2.80432
138500 0.0388328 0.696517
138600 -1.10863 0.364888
138700 -1.762 -1.17996
138800 0.269533 -0.318541
138900 2.64497 0.637326
139000 -1.07674 0.63256
139100 0.131488 1.03302
139200 -0.168548 -1.11587
139300 0.0248067 -0.650927
139400 0.605382 0.771756
139500 -0.756471 -0.144965
139600 -1.17595 -0.860771
139700 -1.62201 -1.51048
139800 0.977549 -0.602576
139900 1.5106 0.873584
140000 1.73445 0.332334
140100 -0.0717556 1.2562
140200 1.28105 -0.528027
140300 0.226346 0.240825
140400 1.37466 -1.87635
140500 -0.762304 0.653069
140600 -0.574374 0.129288
140700 -0.179232 -1.32381
140800 -0.0270755 0.578351
140900 0.532006 -0.773132
141000 -0.870564 0.525145
141100 1.69391 1.67617
141200 0.290394 1.6852
141300 0.798265 0.550955
141400 2.24242 -0.442277
141500 -0.769285 -1.45649
141600 -1.78166 -0.188184
141700 -0.353974 -0.651321
141800 -0.221309 -0.966062
141900 0.184029 -0.901736
142000 0.588339 0.417692
142100 -0.0929514 0.783619
142200 0.209977 -0.437898
142300 1.54184 0.428926
142400 2.05538 -0.703024
142500 -0.244947 -1.31764
142600 -1.89225 0.246899
142700 -2.31858 0.763773
142800 -0.359315 -1.67316
142900 -1.52485 -1.90873
143000 -0.21339 -1.09753
143100 0.999681 1.65677
143200 1.24623 1.78991
143300 1.77249 -0.0808253
143400 -0.164985 0.038589
143500 1.01442 -1.2134
143600 0.0414111 -0.89123
143700 0.0303395 0.268516
143800 -1.72575 -1.52461
143900 0.846535 0.0115922
144000 1.86197 -0.0142699
144100 -0.4255 1.46881
144200 -0.938558 0.188786
144300 0.631513 0.384989
144400 1.56594 0.138111
144500 1.7038 1.59363
144600 -0.843302 1.6094
144700 -0.407883 -0.305633
144800 0.153456 -2.15173
144900 -0.464806 -0.856561
145000 -0.965701 -1.00475
145100 -0.320799 -0.0608266
145200 1.76158 0.32233
145300 0.61173 -1.11308
145400 0.511537 -0.888987
145500 1.64578 0.869144
145600 0.241949 1.24639
145700 -0.790461 -0.321639
145800 -1.7008 -1.55167
145900 -1.04545 -0.623436
146000 -0.463212 -0.800299
146100 -0.415202 1.26957
146200 -0.749944 -0.743166
146300 -0.991768 -0.949693
146400 2.49375 0.630914
146500 1.39957 0.850043
146600 -0.00968618 0.629812
146700 -0.382601 0.188448
146800 1.31426 -1.72506
146900 0.423969 -2.08752
147000 0.0886401 -0.934681
147100 -0.459237 -0.156357
147200 -0.590008 0.296265
147300 0.122912 1.58211
147400 1.41383 0.217685
147500 0.320838 0.114492
147600 0.244555 -0.23905
147700 -0.250934 1.96558
147800 1.5692 0.902679
147900 0.261062 0.0149387
148000 -0.988909 -1.77618
148100 -1.66371 -0.27942
148200 -0.937903 -1.00464
148300 0.529827 -0.0275066
148400 3.09224 -1.57497
148500 2.21893 0.451766
148600 0.504207 1.52614
148700 -0.780972 -0.789362
148800 -0.313322 0.219305
148900 -1.52143 0.579937
149000 0.377256 -0.583403
149100 -0.337056 -0.609975
149200 -1.28084 -1.60138
149300 -0.59859 -0.950244
149400 -1.0122 0.381673
149500 -0.444931 -0.0476155
149600 1.09697 1.47409
149700 1.94104 1.12503
149800 0.692002 -0.488979
149900 0.965044 -1.19237
150000 -0.600326 -1.56874
150100 -0.802533 -1.25286
150200 -0.710705 -0.835752
150300 0.819251 1.11562
150400 -0.215342 0.957909
150500 -0.214139 -0.207468
150600 -0.390556 0.617888
150700 0.98669 -0.132633
150800 1.29489 0.00536199
150900 2.75088 1.45704
151000 -0.845463 1.52551
151100 -0.911519 0.0234188
151200 -0.932981 -1.36847
151300 -0.730534 -1.0776
151400 0.616877 -0.40772
151500 0.238481 -1.15318
151600 0.283204 0.544345
151700 0.855268 0.311427
151800 1.58218 0.166906
151900 1.65799 1.0193
152000 -0.153406 -0.393666
152100 -0.393576 1.24129
152200 -0.504851 -0.888593
152300 -2.41948 -1.70232
152400 -0.165825 -1.30766
152500 -0.395941 -1.30567
152600 -0.688016 1.11879
152700 0.682302 0.200075
152800 0.0366278 -0.960432
152900 0.833679 0.811928
153000 1.14607 1.02768
153100 -0.0923344 2.06751
153200 0.00954846 -2.37086
153300 0.615213 -1.5775
153400 -1.25147 -1.46567
153500 -1.54106 -0.920106
153600 -0.659074 -0.222641
153700 0.965455 0.595926
153800 0.619763 1.797
153900 1.45171 0.132709
154000 2.72926 -0.206757
154100 -0.000692573 0.537575
154200 -0.772638 0.883187
154300 -0.422071 0.360617
154400 -0.826671 0.469731
154500 -0.0247232 -1.37438
154600 -0.306096 -1.26524
154700 -0.317661 -0.36104
154800 1.13295 -0.953045
154900 0.675045 0.00436242
155000 0.26768 1.25117
155100 2.04164 2.30982
155200 1.40191 0.483949
155300 -0.431393 -0.917862
155400 -0.809732 -1.24332
155500 -1.64253 -2.0708
155600 -0.955088 -0.536775
155700 -0.363855 -0.594911
155800 -0.115635 0.885396
155900 -0.476706 0.749253
156000 0.512913 -0.65191
156100 0.496767 -0.247812
156200 0.542542 1.61234
156300 1.96404 -0.922818
156400 0.0814165 -0.452698
156500 -1.56206 0.579822
156600 -0.881622 -1.28016
156700 -0.535894 -2.53706
156800 -1.17719 -0.805025
156900 1.12678 -0.412987
157000 0.869173 1.13183
157100 2.42053 0.995431
157200 0.967072 1.59751
157300 -0.517488 -0.903985
157400 0.155014 0.688514
157500 1.82808 0.0124455
157600 -1.21242 0.409737
157700 -2.25812 -0.275063
157800 0.0316288 0.359506
157900 0.0613696 -1.60449
158000 0.241691 -1.45023
158100 1.0268 1.24616
158200 2.24642 0.574972
158300 1.24324 0.515747
158400 0.130194 0.881717
158500 0.410144 0.594288
158600 -0.79621 -2.53664
158700 -0.706484 -1.16125
158800 0.0415731 -1.26777
158900 -1.24724 -0.207789
159000 0.433661 1.61806
159100 0.0449689 -0.131968
159200 -0.975617 -0.212579
159300 -0.230928 -0.57856
159400 1.58423 -0.490099
159500 1.02785 0.243509
159600 1.03281 0.606483
159700 -0.437359 -1.15915
159800 -2.36606 -0.56352
159900 -1.45661 -0.441566
160000 0.247261 -0.616905
160100 2.56449 0.0705548
160200 1.45468 -1.42148
160300 0.318987 -1.03651
160400 0.765477 2.13671
160500 -0.693872 1.70561
160600 -0.485198 0.0272285
160700 0.0776851 0.111042
160800 -0.518038 -0.433871
160900 -0.421014 -0.464752
161000 0.237257 -0.817309
161100 1.07767 -0.6547
161200 -0.178506 0.507852
161300 1.97002 -0.222802
161400 0.740307 1.37955
161500 -1.09739 -0.767988
161600 0.527889 -0.92501
161700 0.839178 0.622591
161800 1.12512 -1.18037
161900 0.0454628 0.0321699
162000 -1.55168 0.283765
162100 -0.0663267 -1.03427
162200 -1.05907 -0.483698
162300 0.00497928 0.163338
162400 0.259813 0.732031
162500 2.09645 0.615944
162600 -0.121943 -0.25616
162700 -0.561098 0.0792341
162800 1.11794 -0.526709
162900 -1.47573 -0.630548
163000 -1.5469 -0.490644
163100 0.404748 -1.30042
163200 0.233028 -1.37918
163300 1.46711 -0.0150341
163400 1.37218 0.481774
163500 0.3631 -0.842755
163600 -0.268911 1.53019
163700 0.345033 -0.656517
163800 0.374235 -0.446146
163900 -1.43955 0.826979
164000 0.324512 -0.186655
164100 -0.300149 -0.892077
164200 -0.883269 0.866305
164300 0.0831962 -0.682149
164400 1.02268 -0.49382
164500 0.466188 1.47895
164600 2.13815 1.55725
164700 1.73131 -0.925302
164800 0.555789 -0.989407
164900 0.168594 -0.211506
165000 -0.218772 -1.66267
165100 -2.45949 -0.39364
165200 1.10207 0.0819573
165300 0.886579 -0.572513
165400 -0.125074 0.876409
165500 -1.14706 0.296679
165600 0.252782 -0.430654
165700 1.017 0.165202
165800 0.68735 1.29921
165900 0.802512 -0.302715
166000 -1.33746 -1.00284
166100 -1.3311 -0.732726
166200 -0.567226 -2.11359
166300 0.190577 -1.29281
166400 0.158303 -1.76121
166500 2.12172 0.62942
166600 1.01595 0.741656
166700 0.292219 1.35234
166800 0.454809 -0.825711
166900 -0.160269 0.348681
167000 0.990747 1.0336
167100 0.228219 -0.380358
167200 -2.07968 -0.481253
167300 -1.33436 -0.147594
167400 0.253055 -0.854347
167500 2.11241 -0.267495
167600 -0.0987147 0.0157078
167700 0.126125 1.23161
167800 1.90509 0.189729
167900 1.95168 -0.360089
168000 1.47725 -0.516827
168100 -0.509136 -0.701811
168200 -1.33553 -0.859635
168300 -0.00650339 -1.37047
168400 -1.52636 -0.264814
168500 0.477707 -0.175247
168600 0.911247 0.581605
168700 0.904071 1.19062
168800 -0.0957342 0.437305
168900 0.257059 -0.113759
169000 0.538074 0.517297
169100 -0.610239 -0.970166
169200 0.300719 -0.677076
169300 -0.310984 -0.556319
169400 0.191194 -0.663647
169500 -1.33481 -1.82741
169600 0.666554 -1.19155
169700 1.92541 -0.489029
169800 0.259718 -0.0923988
169900 0.61429 1.03134
170000 0.0668258 0.31157
170100 0.0396845 0.0993307
170200 -0.381469 0.0131035
170300 -0.585679 0.0400022
170400 0.000786528 -0.559296
170500 -0.144995 -1.09175
170600 -0.73279 -1.0332
170700 0.396863 -0.463871
170800 1.24311 -0.203141
170900 1.32708 1.76719
171000 0.778399 1.06145
171100 1.6734 1.59359
171200 -0.124153 -1.6787
171300 -0.553536 -1.71174
171400 0.605071 -0.350934
171500 1.05026 -0.0235058
171600 -1.32015 -1.85635
171700 -0.636499 -0.0468628
171800 -0.103304 0.303808
171900 0.139319 0.369383
172000 0.794064 1.39217
172100 0.550871 0.960746
172200 1.49631 -0.0729905
172300 0.717107 -0.924846
172400 0.328741 -1.09664
172500 -1.08888 -0.49675
172600 -1.46613 -1.92937
172700 0.376379 -0.47782
172800 -0.320463 -0.280052
172900 1.0749 -0.526592
173000 2.14321 0.00233538
173100 -0.110296 -0.0870554
173200 -0.505573 0.608987
173300 -0.0805094 0.015094
173400 1.23548 0.230764
173500 -1.45204 -0.135664
173600 -0.177705 -0.513598
173700 0.127904 -1.32177
173800 0.437304 -0.959568
173900 -0.688768 -1.37654
174000 0.0545504 -0.014401
174100 0.304797 0.883296
174200 0.782871 1.92057
174300 1.18093 0.582975
174400 2.20441 -0.0762556
174500 1.17447 -1.36358
174600 -0.663148 -0.350069
174700 0.554809 -0.718001
174800 -0.55017 -0.227129
174900 0.0824525 -2.04352
175000 -0.145725 0.260046
175100 -0.611677 0.876266
175200 0.170592 1.08575
175300 1.04218 0.998521
175400 1.50485 -0.306037
175500 1.74626 0.319234
175600 -0.623328 -1.99923
175700 -2.58273 -0.1205
175800 0.399447 -1.0882
175900 -0.0632362 -1.74585
176000 0.121894 -1.06231
176100 -0.567037 0.553572
176200 1.08258 -1.22071
176300 0.915981 -0.160656
176400 1.23205 -0.14228
176500 0.568617 0.554752
176600 0.595592 0.467777
176700 -0.137531 -0.665914
176800 -0.671478 -0.784148
176900 -2.68678 -0.750841
177000 1.01766 0.749261
177100 0.77301 -0.597698
177200 -0.224019 -0.941508
177300 1.18509 1.11757
177400 1.39845 0.116239
177500 0.949109 1.20057
177600 2.27356 0.446746
177700 1.36639 -1.47268
177800 -1.40511 -2.07724
177900 -0.522439 0.261042
178000 -0.846978 -0.999724
178100 0.772786 -0.41663
178200 0.723393 -0.309004
178300 -0.320888 0.31884
178400 0.748634 1.33219
178500 0.487979 -0.0833275
178600 1.22615 -0.517565
178700 0.755629 1.73847
178800 -0.276337 0.367699
178900 -1.05579 -1.87901
179000 -0.74778 -2.21341
179100 -1.97135 -2.65977
179200 1.40487 -0.758521
179300 2.37053 0.603643
179400 -0.703418 0.511035
179500 0.584606 -0.365115
179600 1.53646 -0.380037
179700 0.252842 -0.348904
179800 -0.342593 -0.136604
179900 -0.314043 0.0534006
180000 -0.272169 0.518988
180100 -0.761121 -1.46538
180200 -0.173786 -0.993276
180300 -0.0716928 -0.166276
180400 2.039 0.414046
180500 0.885091 -0.0101623
180600 1.01815 1.23673
180700 1.5101 -0.456143
180800 -0.0685577 -0.438958
180900 -0.241459 0.0501089
181000 0.64008 -1.18963
181100 -0.849134 -0.591727
181200 0.765953 0.0744476
181300 1.11614 -0.0170667
181400 -0.123494 -1.62447
181500 0.364791 0.896891
181600 0.692494 0.826155
181700 0.90815 0.671601
181800 -0.243256 -0.885795
181900 -0.554178 0.157915
182000 -0.627413 -0.82946
182100 -0.919892 -1.01434
182200 1.64073 -2.07667
182300 0.726092 -0.217795
182400 0.457447 -0.957285
182500 0.0488144 1.00084
182600 -0.462214 1.04224
182700 0.178951 -1.18846
182800 1.67489 -0.398255
182900 1.12907 -1.14368
183000 0.448011 -0.268943
183100 -1.38049 -0.684182
183200 -1.37182 0.0104195
183300 -1.22761 -0.520284
183400 1.79213 -1.22749
183500 1.10916 1.48823
183600 0.146536 0.637526
183700 1.49222 -0.2352
183800 0.632509 0.341385
183900 1.03361 -1.15787
184000 0.583625 -1.04455
184100 -0.258205 0.54929
184200 -0.157053 -0.731132
184300 -0.679287 -1.64603
184400 1.08423 -0.0656862
184500 1.40231 -0.00965384
184600 0.885416 0.00247551
184700 -0.99042 -0.706992
184800 -0.0372225 1.9172
184900 0.430811 0.100144
185000 0.966749 0.0296609
185100 0.109357 -0.147037
185200 -1.40364 -0.540364
185300 -0.527811 -2.38014
185400 0.307678 -1.11327
185500 0.393383 -1.64993
185600 1.20836 -0.278499
185700 0.54395 0.357064
185800 1.45554 1.50626
185900 1.93805 -0.03261
186000 -1.15837 -1.75214
186100 1.18884 -0.318797
186200 -0.198273 -0.524167
186300 -2.53096 -1.07805
186400 -0.499091 0.231475
186500 1.5894 0.506338
186600 -0.592622 0.326169
186700 0.403231 -0.909392
186800 0.764282 0.831622
186900 1.26098 -0.371644
187000 1.28198 0.0829491
187100 0.830658 0.96259
187200 1.49473 -1.8163
187300 0.226358 -1.43146
187400 -0.632067 -1.28767
187500 -0.812642 -1.40997
187600 1.2 -0.165641
187700 0.535115 1.07346
187800 -0.227945 0.948497
187900 0.971987 1.30519
188000 0.410293 -0.454065
188100 0.460154 0.130225
188200 -0.747596 -0.300127
188300 -0.546407 -0.336511
188400 0.653729 -0.894123
188500 -1.09461 -0.933248
188600 -0.108679 -2.84881
188700 0.126175 -2.72052
188800 1.24522 0.248943
188900 1.19141 0.800562
189000 1.04045 0.646151
189100 2.35385 0.18308
189200 -1.89988 0.145584
189300 -0.35719 -1.3131
189400 0.102356 0.0481601
189500 -0.211315 0.424476
189600 -1.63965 -1.52625
189700 -0.743277 0.281171
189800 1.45016 0.885386
189900 0.851398 0.116166
190000 0.644652 -0.135746
190100 2.19577 0.490412
190200 2.30101 -0.737085
190300 0.624233 -0.766552
190400 0.412344 -0.159197
190500 -0.160329 -1.92759
190600 0.795612 -0.892637
190700 -0.622162 0.366629
190800 -0.626175 -0.903002
190900 0.520076 -0.236993
191000 -0.163494 2.19078
191100 0.418944 1.72922
191200 -0.174522 -0.164686
191300 0.594664 -0.327389
191400 -0.536565 -1.48805
191500 -0.974911 -0.0912141
191600 -0.141198 -2.4637
191700 1.07067 -2.40647
191800 0.476047 -1.08364
191900 -0.220849 0.0924053
192000 1.25981 -0.171069
192100 0.907002 -0.688427
192200 0.605139 -0.365183
192300 0.530218 0.596387
192400 -0.135605 0.125541
192500 -0.733451 1.76349
192600 -0.529462 -0.650355
192700 -0.724866 -0.759702
192800 -0.450712 -1.78127
192900 0.654363 0.913845
193000 2.09186 1.32514
193100 1.02961 1.15964
193200 2.70842 -1.11929
193300 0.338623 -1.03565
193400 0.950052 -0.692423
193500 0.915456 0.294552
193600 0.028083 -1.55528
193700 0.17366 -1.22706
193800 -0.970367 -0.243973
193900 -1.41236 -0.0595667
194000 -0.98055 -0.162629
194100 0.43568 1.4296
194200 2.94276 0.723445
194300 1.43163 0.290727
194400 -1.30932 0.77608
194500 -1.82077 -1.27837
194600 0.173688 -1.65255
194700 -1.00152 -2.38827
194800 0.344082 -1.85368
194900 1.05401 -0.963141
195000 1.43718 -0.780058
195100 1.97962 0.122587
195200 1.35075 -0.0702605
195300 0.822337 0.216162
195400 -0.88543 0.708073
195500 -0.747353 1.67414
195600 -0.0990431 -0.860334
195700 -0.507279 -0.206819
195800 -1.23284 -0.35891
195900 -0.489449 0.0405359
196000 -0.171192 -1.26477
196100 2.34354 -0.622687
196200 1.49009 1.51964
196300 2.61308 0.166924
196400 1.69524 -1.18564
196500 1.6375 -0.41453
196600 -0.419306 -1.15707
196700 -0.33187 -2.18085
196800 0.407431 -0.117292
196900 -0.697222 0.66232
197000 -1.03179 -0.939054
197100 -0.266941 0.384313
197200 -0.946737 0.650991
197300 0.499647 0.860679
197400 0.0669504 0.538561
197500 0.79583 0.284101
197600 0.79793 -1.7303
197700 -0.155579 -0.978231
197800 0.227446 -0.910573
197900 0.800115 -2.43609
198000 0.104163 -2.03629
198100 0.504473 -1.28241
198200 0.697477 -0.430236
198300 1.23338 2.21015
198400 0.654242 -0.255785
198500 0.300062 0.519336
198600 0.0987219 0.313579
198700 -0.164036 0.521644
198800 -1.08783 -0.216879
198900 0.446694 0.169881
199000 -1.502 -1.27633
199100 -0.435062 0.629398
199200 0.462224 -0.692893
199300 1.66043 0.121269
199400 3.31418 -0.177933
199500 1.86055 -1.16587
199600 1.72942 -0.867125
199700 0.195525 -0.742871
199800 -0.478288 -0.201759
199900 -0.661438 -0.473567
200000 -0.599186 -0.765658
200100 -1.14818 0.699702
200200 -0.73912 -0.501585
200300 0.923439 -0.196567
200400 -0.482121 -0.124283
200500 -0.000225779 0.672805
200600 0.929363 0.630384
200700 0.438279 -0.469404
200800 -0.84802 -1.00842
200900 0.964197 -1.41496
201000 1.37878 -1.17464
201100 1.17704 -2.79365
201200 0.566697 -1.65876
201300 1.06462 0.0879499
201400 -1.02152 -0.213187
201500 -0.438288 1.31959
201600 -0.340524 2.10484
201700 0.699139 0.162491
201800 2.27447 0.306946
201900 -0.645953 0.760698
202000 -0.331904 0.374667
202100 -1.5096 -1.25137
202200 1.65243 0.502682
202300 -0.442111 -2.3493
202400 1.17746 0.342952
202500 1.5699 -0.110811
202600 1.51065 -1.95764
202700 1.43917 -0.976328
202800 0.726535 0.579182
202900 0.727674 0.442451
203000 -0.451694 -1.31013
203100 -0.590553 0.662074
203200 -1.69518 -0.677012
203300 -1.19459 -0.16658
203400 -0.70028 0.0739093
203500 0.869319 -0.36902
203600 -0.597563 -0.263072
203700 1.28457 0.0635851
203800 0.878108 0.88225
203900 1.74021 -0.248983
204000 0.964759 -2.14521
204100 1.41887 -0.852549
204200 -0.0805547 -2.11432
204300 -0.995415 -1.25742
204400 0.921687 -0.0445469
204500 -0.940863 0.594113
204600 -0.566886 -0.342383
204700 1.32977 0.929559
204800 0.0269598 1.50302
204900 -0.0058565 0.299271
205000 1.49209 0.213536
205100 -0.207751 -0.906555
205200 -0.295465 -0.447709
205300 0.277852 -0.335455
205400 1.13086 -1.13315
205500 0.0244873 -0.564974
205600 0.500504 -1.37492
205700 1.42874 -0.178802
205800 2.74811 1.76436
205900 1.7233 -0.719102
206000 0.0483391 -1.17892
206100 0.199549 0.194165
206200 -0.941095 -0.267063
206300 -0.915853 -0.344322
206400 -3.07378 -1.41515
206500 0.113148 -0.0540085
206600 0.544552 -1.11735
206700 -0.412596 -0.852669
206800 1.4878 0.541826
206900 1.94358 0.656378
207000 1.85213 -0.148041
207100 0.0489363 0.0468088
207200 -0.508476 -2.05078
207300 0.566581 -2.51177
207400 0.144366 -1.53032
207500 0.413823 -0.749196
207600 -0.259283 -0.485015
207700 -0.907237 1.37513
207800 0.779662 1.70189
207900 -0.333906 0.76837
208000 1.12777 1.16224
208100 2.14613 0.359264
208200 1.91225 -1.27257
208300 -0.523052 -1.08554
208400 -0.186717 -2.59242
208500 -2.17475 -0.815791
208600 0.485358 0.467368
208700 2.5817 -0.366439
208800 0.975114 -0.541415
208900 0.780918 -0.748164
209000 1.66498 -1.01318
209100 -0.0992225 0.131391
209200 1.40957 0.634699
209300 -0.487304 -0.696367
209400 -3.23057 1.36597
209500 -0.931702 -0.458624
209600 0.81481 -1.05087
209700 0.311503 -0.779776
209800 1.69445 -1.47776
209900 1.01506 -0.592486
210000 0.384296 1.10456
210100 1.05766 0.214047
210200 0.209568 -1.488
210300 -0.368935 -0.211917
210400 1.13539 -2.04277
210500 1.31273 -1.0799
210600 -0.0904697 -0.489246
210700 0.407096 -0.486904
210800 -0.375642 1.18154
210900 -1.60985 1.24752
211000 0.288724 1.62253
211100 0.671151 0.328358
211200 2.96624 -1.55124
211300 0.887336 -2.03818
211400 0.377923 -1.12619
211500 -1.4888 0.16277
211600 -0.425344 -0.977743
211700 0.0685957 -0.820518
211800 1.01533 -0.201133
211900 0.882502 0.334045
212000 1.75179 0.0298885
212100 0.773526 -1.17962
212200 0.0200319 -0.0629785
212300 -0.079855 -0.752064
212400 -0.489344 1.33264
212500 -0.44631 -0.105312
212600 0.20291 -0.504966
212700 1.2162 -0.549351
212800 0.536041 -0.150612
212900 0.271003 -1.0168
213000 1.50741 -0.401333
213100 0.253686 0.676514
213200 -0.643363 0.0312541
213300 0.0101629 -0.92597
213400 1.00362 -1.13353
213500 1.26148 -2.107
213600 0.307892 -1.03576
213700 -0.28273 -0.235253
213800 0.648762 0.08965
213900 -0.185145 1.36466
214000 0.173849 -1.51564
214100 0.607084 1.27935
214200 -0.110537 -0.346106
214300 0.54909 -1.02697
214400 -0.335859 -0.588765
214500 0.319924 -1.2421
214600 0.779478 0.925456
214700 -1.39725 -0.447593
214800 1.27891 -1.17841
214900 1.79602 -0.839022
215000 1.83371 -0.165146
215100 0.617057 -1.07116
215200 0.363645 -0.59459
215300 -0.21894 -1.19764
215400 -0.607983 -0.904839
215500 -0.576037 1.06249
215600 -1.70269 1.01215
215700 1.52358 0.0891915
215800 1.01958 -0.18169
215900 1.63144 0.00386412
216000 -0.417726 -1.44805
216100 -0.847612 0.657752
216200 -0.0916257 0.195827
216300 1.19687 -1.64313
216400 2.43797 -0.106125
216500 -0.136021 -0.610899
216600 1.31753 -1.01429
216700 -0.130987 -1.12873
216800 0.359982 -0.735163
216900 1.24063 1.20671
217000 -0.386604 0.519976
217100 -0.233969 0.616431
217200 -0.382574 -0.625361
217300 -0.836373 -0.989627
217400 0.4577 -0.292003
217500 0.687187 -0.876836
217600 -0.116509 0.328577
217700 -0.0401282 -0.427013
217800 0.625101 -0.219006
217900 1.06775 -1.24766
218000 0.281202 -2.19935
218100 0.960205 -0.653133
218200 0.44405 1.05997
218300 1.08129 -0.41759
218400 -0.234769 -0.470257
218500 0.409504 0.165133
218600 -0.11645 -0.610053
218700 -0.554752 0.0894344
218800 0.454269 0.627805
218900 -0.616175 0.864215
219000 0.656042 -1.05322
219100 0.962051 -1.03369
219200 0.93304 -0.168088
219300 0.0219142 -0.0335733
219400 0.382052 -0.31565
219500 1.54976 -0.235743
219600 1.27451 0.156988
219700 0.478189 -1.91971
219800 -1.39632 -1.9038
219900 0.768761 0.776711
220000 -0.318539 -1.24051
220100 0.330511 1.22265
220200 -0.626203 -0.435728
220300 0.597825 0.246271
220400 0.479028 -0.0126261
220500 1.19889 -0.14864
220600 -0.707837 -1.91083
220700 -0.526443 -0.863945
220800 -0.649329 0.523911
220900 0.355036 -1.29998
221000 1.34223 -0.848124
221100 0.669284 1.12659
221200 1.65605 -1.3809
221300 1.30624 -1.541
221400 -0.07964 0.0063015
221500 -0.0532926 0.917005
221600 0.297288 -0.196118
221700 -0.479093 0.601613
221800 -0.427266 0.502711
221900 0.559937 -0.889207
222000 0.849921 -0.489124
222100 1.31777 -0.337187
222200 -0.0770345 0.00890764
222300 -0.0525165 -0.665998
222400 1.87709 0.326515
222500 0.676415 -0.499635
222600 -1.26629 0.622311
222700 1.15241 -2.46179
222800 1.57541 -1.0208
222900 -0.0946611 1.03337
223000 -0.879085 -0.650206
223100 -0.934305 -0.575123
223200 0.338421 0.244612
223300 0.960218 0.0970441
223400 -0.677514 -1.79877
223500 1.46661 -0.0325502
223600 0.50521 -0.363178
223700 -0.433702 0.63922
223800 -0.0310547 -0.19577
223900 0.177048 -1.71493
224000 0.203685 -1.68168
224100 -0.905124 -0.24144
224200 1.6661 -0.154124
224300 0.802931 -1.10004
224400 0.0094697 0.122118
224500 0.399429 1.07348
224600 0.26593 -0.0469253
224700 -0.153633 -0.0952806
224800 0.602034 -0.620073
224900 0.934606 -0.654392
225000 1.41594 -0.198788
225100 -0.405815 -0.678047
225200 -0.25736 1.21496
225300 0.755567 -0.968612
225400 0.270111 0.0436856
225500 1.94733 -0.573527
225600 1.40576 -0.389095
225700 -0.317089 -0.211763
225800 1.50783 -0.512586
225900 0.665638 -0.407756
226000 -1.1367 -0.79109
226100 -1.09339 0.573092
226200 0.0108423 0.549852
226300 -1.42903 -0.429589
226400 1.78808 -1.25766
226500 0.836852 -0.454516
226600 -0.4233 -1.12845
226700 -1.26746 -2.6456
226800 -0.282733 -0.586141
226900 1.66128 -0.653393
227000 2.81808 2.2429
227100 3.79969 4.05638
227200 0.625374 2.72226
227300 0.22036 2.46502
227400 -1.44516 2.28778
227500 -1.32936 1.37995
227600 1.9265 0.223158
227700 1.84353 0.783795
227800 3.06512 -0.822597
227900 -1.75384 -3.13287
228000 -3.76883 -3.78087
228100 -1.71312 0.495095
228200 3.28045 2.10199
228300 2.23433 2.22751
228400 5.26501 2.40641
228500 6.40932 1.66623
228600 1.88203 -0.801254
228700 -1.197 -1.9793
228800 -2.58649 -2.58411
228900 -2.20683 -2.86766
229000 -0.880139 -2.23681
229100 -2.22722 -2.98139
229200 0.573143 -0.610911
229300 1.32355 -0.833571
229400 2.7762 -0.625106
229500 0.692951 -0.448853
229600 1.4645 -0.441249
229700 0.405605 0.872529
229800 -1.27377 -1.99785
229900 -0.669981 -1.93582
230000 -0.632688 -2.62521
230100 -0.952097 -3.32293
230200 -0.245434 -1.95952
230300 -2.32607 1.04819
230400 -1.24997 0.0842406
230500 0.868624 -0.1266
230600 1.06803 2.1944
230700 0.778713 2.15443
230800 -0.882348 1.75018
230900 -2.19892 2.07082
231000 -0.244699 1.23401
231100 0.635723 -0.427033
231200 0.329826 -0.107632
231300 -0.578301 -1.92751
231400 -0.579913 -1.5056
231500 -2.26911 0.712342
231600 -0.945324 0.11592
231700 -0.72904 -0.47006
231800 0.42676 0.0785815
231900 0.340209 1.15834
232000 -2.4387 2.58471
232100 1.01338 2.09575
232200 1.67314 3.58527
232300 2.57931 2.41813
232400 1.21739 -0.352291
232500 1.31304 0.401148
232600 0.52662 2.27994
232700 1.24027 2.64545
232800 2.6453 3.0614
232900 0.874123 2.85855
233000 0.889706 0.129109
233100 1.20245 -0.263445
233200 -0.876971 -0.225324
233300 -2.02436 -2.35288
233400 -1.69531 -0.723251
233500 -0.102408 -1.49675
233600 -0.433016 0.60132
233700 -1.01973 0.0817435
233800 -0.201554 1.37555
233900 1.47067 1.5388
234000 1.61877 1.28096
234100 -1.8459 0.279419
234200 -0.73381 -1.06046
234300 -1.73282 0.545882
234400 -1.24615 -0.342752
234500 0.0735012 0.364739
234600 0.373848 0.00393142
234700 0.20756 -1.65846
234800 -0.511727 -0.642103
234900 -0.589165 -0.0364512
235000 0.788458 -1.73047
235100 0.709859 -0.138898
235200 0.107204 -2.46247
235300 -0.320507 -2.7388
235400 -1.433 -2.03882
235500 -0.565268 -0.636245
235600 0.104867 -2.32832
235700 -0.218124 -3.29512
235800 0.224562 -2.0406
235900 0.527089 -0.744756
236000 0.919052 3.28569
236100 1.84657 2.59915
236200 0.836102 0.570737
236300 0.381346 -1.03192
236400 0.0934652 -2.33405
236500 -1.84008 -2.30478
236600 -1.86014 -2.86853
236700 -1.72479 -0.914835
236800 0.387371 -1.24923
236900 1.44841 0.160326
237000 0.86581 0.122218
237100 2.50192 -0.393153
237200 0.8186 -0.855101
237300 -0.58775 0.885391
237400 -0.522567 -1.72834
237500 -0.652941 -1.28132
237600 0.292571 -0.218251
237700 0.753157 1.9878
237800 0.801562 1.83508
237900 0.600124 1.61499
238000 -1.07358 0.625419
238100 -0.685832 1.43666
238200 -2.60567 0.812485
238300 -1.00124 3.62713
238400 -0.226365 2.3972
238500 1.81164 -1.01412
238600 1.0299 -1.12917
238700 2.8766 0.36332
238800 1.55039 -0.776694
238900 0.548302 1.3264
239000 -1.0737 1.71958
239100 -2.24491 1.80333
239200 -0.65797 -0.0378885
239300 -0.912423 -0.0629975
239400 -1.63345 2.51391
239500 0.801011 1.41385
239600 -0.558946 0.563869
239700 -1.99238 1.65806
239800 -1.16067 -0.235049
239900 -1.45639 -0.090285
240000 0.607915 0.912953
240100 1.02774 2.05105
240200 2.29691 0.377075
240300 -0.289748 1.49108
240400 0.39391 1.09295
240500 -1.25644 1.46319
240600 -0.693517 -0.0739707
240700 -0.251633 -1.75785
240800 1.073 0.067918
240900 0.728752 0.193483
241000 1.44221 -0.840465
241100 2.6036 -1.91683
241200 1.00941 1.11115
241300 -1.09617 0.573177
241400 -0.377116 -1.92016
241500 -0.221038 -2.04909
241600 0.365295 -1.40863
241700 1.17204 -0.302504
241800 2.08012 1.06907
241900 -0.647738 -0.546355
242000 -0.450056 -1.49677
242100 -0.159754 -1.79193
242200 -1.46785 -1.12669
242300 -0.718147 0.177697
242400 -2.27392 -0.464808
242500 -0.129192 -2.49437
242600 0.465553 -1.35676
242700 1.63188 0.0262922
242800 -0.0882544 0.767781
242900 -0.487358 -2.52204
243000 -0.114669 -0.456987
243100 -3.75709 -1.09579
243200 -1.08737 -1.5191
243300 0.106603 -1.49319
243400 0.448073 -0.834594
243500 0.796794 -0.144009
243600 1.08623 -0.656941
243700 -0.705516 -1.92469
243800 -1.38321 -0.0788998
243900 1.13635 -0.575004
244000 -0.620158 -0.707933
244100 -1.12836 0.068605
244200 0.625586 0.580661
244300 1.09486 1.33072
244400 1.84632 1.97676
244500 -0.0912183 1.32127
244600 1.45998 -0.663052
244700 -0.306462 0.587219
244800 -1.21787 0.154822
244900 0.392928 2.10671
245000 0.467622 0.0482778
245100 2.67167 -0.573626
245200 3.36613 1.51626
245300 -1.44207 0.216271
245400 -0.622955 0.329947
245500 -0.0175117 0.899752
245600 1.08936 1.2967
245700 -1.05461 -0.836297
245800 -0.478709 -0.027895
245900 -0.891691 0.425004
246000 -1.08746 1.45287
246100 0.397324 2.14177
246200 -0.551706 0.288034
246300 -0.994721 2.81529
246400 -0.494625 2.56486
246500 -2.24611 2.16421
246600 -1.06952 1.34689
246700 -0.0743188 -0.0262761
246800 -0.154263 -0.580519
246900 -0.605359 1.07154
247000 -0.0213135 0.829055
247100 0.0884503 0.691866
247200 0.664579 -1.02061
247300 -1.20314 -0.0958435
247400 0.690183 -1.58612
247500 2.03019 -0.88864
247600 0.831297 -0.536713
247700 0.671867 -0.232433
247800 0.401938 -0.303005
247900 0.0366961 -0.229993
248000 0.188447 0.932424
248100 0.44993 0.587611
248200 0.32335 0.26415
248300 -0.0937185 -0.0876595
248400 1.28046 -0.861971
248500 0.138632 -0.468095
248600 -0.458368 0.382525
248700 0.00534963 -0.118538
248800 -0.646962 -0.626516
248900 -0.660126 -1.12859
249000 -0.825086 -1.89742
249100 -0.546241 -1.48196
249200 0.00486406 -1.91107
249300 1.35932 -2.34871
249400 -0.486913 -2.52895
249500 0.321475 -1.06933
249600 -0.96425 -1.25141
249700 -0.956728 -0.904268
249800 0.108079 -0.810498
249900 1.69707 0.0652704
250000 0.0843185 0.226047
250100 1.88975 -0.989312
250200 -1.44745 0.0498141
250300 -0.511308 0.594387
250400 0.422348 0.0484895
250500 0.465128 0.315398
250600 0.192238 0.276222
250700 2.01944 -0.615819
250800 -0.220591 0.658656
250900 -1.59804 0.120278
251000 -1.26315 -0.282132
251100 0.22022 -1.11154
251200 -1.98059 -0.088613
251300 -1.01547 -0.393379
251400 -0.105912 -0.0929041
251500 -0.0878366 0.00476839
251600 2.36818 -1.08001
251700 -0.360103 -0.516677
251800 -0.372798 1.10357
251900 -0.665926 0.328478
252000 -1.64054 1.83757
252100 -0.109278 2.56837
252200 0.683429 2.06397
252300 1.64878 1.48047
252400 1.48942 1.0426
252500 -1.35365 0.803539
252600 -0.199461 1.40137
252700 0.552973 0.544097
252800 -0.452364 1.21587
252900 -1.96151 -0.386487
253000 0.596593 2.06045
253100 0.871687 0.299591
253200 2.58897 0.597642
253300 1.03672 -0.777892
253400 -0.0545735 0.049677
253500 0.0334533 -0.119509
253600 0.472838 0.982803
253700 -0.371627 -0.536303
253800 -0.579733 -0.507501
253900 -0.437158 -0.943365
254000 -0.368062 0.691364
254100 0.569555 2.87781
254200 1.24826 0.525859
254300 -0.508328 0.901737
254400 -0.795936 0.269529
254500 -0.623856 -0.737158
254600 0.217408 -0.426783
254700 0.836499 0.673183
254800 2.07487 0.552925
254900 -0.124795 -0.364444
255000 -1.69645 -0.740255
255100 -1.73995 -1.50269
255200 -1.02757 -1.26809
255300 -1.4728 -0.749602
255400 -0.794286 -1.6322
255500 -0.331012 -2.05739
255600 -0.34816 -1.0278
255700 0.230999 -0.571994
255800 -0.0665456 0.90138
255900 0.983776 -0.21989
256000 0.0127692 -0.787587
256100 -2.54089 -0.854305
256200 -1.34771 -0.638621
256300 0.98036 0.0616884
256400 3.13254 -0.810221
256500 1.89646 0.556305
256600 0.102692 -0.78771
256700 0.674351 -0.0294151
256800 0.586544 -1.0089
256900 0.579848 -0.0979485
257000 0.581637 -0.169889
257100 1.84406 -2.11987
257200 0.477761 -0.921628
257300 0.000838817 -1.54698
257400 -1.11527 -0.735707
257500 -0.0829188 -0.663701
257600 0.744787 -0.565229
257700 -1.55441 -0.425969
257800 -1.69424 1.17883
257900 0.763485 1.63364
258000 1.38413 1.5353
258100 0.754789 -0.650065
258200 -0.0809619 0.198546
258300 -1.60855 0.617814
258400 -2.89276 1.96205
258500 -0.903312 1.93838
258600 -0.909103 -0.296583
258700 -0.773807 -1.21057
258800 0.135978 1.15467
258900 0.201525 1.35984
259000 0.0789892 1.35785
259100 -0.0393148 -0.886757
259200 1.00378 -0.556016
259300 1.82225 0.873566
259400 -0.840869 0.371995
259500 -0.099081 -0.846853
259600 0.669623 0.425444
259700 1.3701 0.971234
259800 -0.258258 1.23213
259900 -0.8866 0.110492
260000 -1.10022 1.39452
260100 0.657051 3.08785
260200 0.551967 0.686962
260300 0.79436 -0.335635
260400 0.372962 0.933557
260500 -0.400445 0.00684249
260600 -0.0880812 1.49745
260700 -0.090157 1.02338
260800 -0.766323 -0.00345435
260900 0.717876 -0.660527
261000 -0.471348 -0.720947
261100 1.55188 -1.0775
261200 -0.693102 -0.662802
261300 1.0311 -0.333679
261400 1.07876 0.323508
261500 -2.25139 -1.76418
261600 -0.608524 -0.185966
261700 0.255356 1.09676
261800 -0.375066 -1.13748
261900 -0.401059 0.140596
262000 0.0991433 -0.913875
262100 0.0133256 0.294552
262200 0.545061 -0.753214
262300 0.218481 0.150164
262400 1.29778 -0.996248
262500 1.08733 -0.332264
262600 -0.0523375 -0.62514
262700 -0.920339 -0.188122
262800 -1.50742 -0.590471
262900 -1.13207 0.217458
263000 2.18457 -2.27413
263100 -0.972592 -1.69567
263200 0.229306 -1.32438
263300 -0.39911 -1.68003
263400 0.32191 -0.142346
263500 1.14466 1.05156
263600 0.321349 0.27959
263700 -0.0261758 -0.985066
263800 -0.170515 -1.24652
263900 -2.29405 0.979703
264000 -2.8034 0.715844
264100 -0.957383 0.0703338
264200 0.176049 -0.318084
264300 0.0652582 -1.35655
264400 -0.468103 0.55471
264500 1.12274 0.649233
264600 -0.353383 0.620032
264700 0.273777 -0.831577
264800 0.884954 -1.93078
264900 1.23146 0.765372
265000 0.686952 1.54472
265100 0.782625 0.205318
265200 0.529455 0.026619
265300 -0.329249 -1.12618
265400 1.53894 -1.10725
265500 1.02017 0.228802
265600 -0.409885 2.90563
265700 -0.424647 1.98636
265800 0.873479 1.18584
265900 1.40472 0.472888
266000 0.686909 0.250022
266100 -0.090346 0.0092624
266200 -0.595848 3.39495
266300 -0.321164 -0.438474
266400 -1.87924 -0.380658
266500 -0.11451 0.608909
266600 0.607318 0.29769
266700 0.910152 1.40513
266800 -1.55615 1.93562
266900 -0.276539 0.0718786
267000 -0.878637 0.393489
267100 -0.0810439 -1.86985
267200 -0.502717 -0.413102
267300 -1.96277 0.833669
267400 -2.20064 0.345969
267500 -1.60683 -1.5622
267600 -0.0188153 -1.13743
267700 0.253977 1.4662
267800 0.548745 1.90424
267900 0.0145255 0.892335
268000 0.061713 -0.871717
268100 0.129282 -0.155042
268200 2.19395 -1.44464
268300 1.34286 0.196044
268400 -0.205525 1.27283
268500 -1.71904 0.098172
268600 -0.165602 -0.616609
268700 0.551716 -0.763748
268800 1.30209 -1.05253
268900 1.23129 -0.400135
269000 0.67249 -0.679396
269100 0.366203 0.095986
269200 0.622731 -2.44995
269300 1.31086 -1.99888
269400 0.695098 -0.823543
269500 1.7742 -0.215269
269600 1.27652 0.699016
269700 -1.07896 0.700813
269800 -0.245935 0.0970648
269900 0.218305 0.187312
270000 -1.1742 0.449511
270100 0.24611 -0.172524
270200 -0.886192 -0.341366
270300 -2.06693 -0.781461
270400 -1.66694 -1.67372
270500 -1.17676 -0.615734
270600 0.0176615 -0.0215161
270700 -0.637427 -0.186571
270800 0.178514 -0.743446
270900 -0.313836 -0.405313
271000 1.21454 0.375227
271100 -1.48498 -0.426918
271200 -0.621505 1.12532
271300 -1.18573 0.740025
271400 -0.00931523 -2.49522
271500 1.19525 0.545926
271600 1.30297 -0.552794
271700 0.320881 0.201444
271800 -1.26189 0.524035
271900 -1.5822 1.14658
272000 -0.368096 0.665474
272100 0.401468 1.88311
272200 1.35379 0.506951
272300 1.71739 0.0340136
272400 1.72024 -0.221875
272500 0.221177 0.234126
272600 1.38686 0.608393
272700 0.647233 1.02465
272800 -2.23128 0.842241
272900 -1.21736 -0.817551
273000 -1.42871 -0.854199
273100 -0.511313 0.471829
273200 0.516007 0.217037
273300 1.77986 0.130316
273400 0.645222 -1.02472
273500 0.307088 -0.626714
273600 0.0360948 0.897277
273700 -1.82514 1.11739
273800 1.23009 1.0516
273900 1.22996 -0.228435
274000 0.281606 1.19699
274100 0.711781 0.714628
274200 0.860286 0.896715
274300 -0.593227 0.0822069
274400 0.184713 0.598616
274500 0.610022 -0.623517
274600 -1.00028 0.703098
274700 -0.0668348 2.00476
274800 0.763026 0.124773
274900 -0.87457 -1.2214
275000 -0.613414 -2.24985
275100 0.139866 -0.904508
275200 0.49198 -0.762356
275300 -1.80901 0.0229403
275400 -2.39111 -0.316628
275500 -0.430164 0.202976
275600 -1.85272 -1.36428
275700 0.0817199 -0.201904
275800 0.0597384 0.0237204
275900 0.342482 -0.538525
276000 -0.0292861 0.975757
276100 -0.51221 0.371584
276200 0.334074 0.460715
276300 0.897994 0.316381
276400 -0.955838 0.935976
276500 -1.04055 -0.301831
276600 1.99362 -1.73295
276700 1.62153 -1.17856
276800 -0.695977 -0.529619
276900 0.804284 -2.19735
277000 0.249993 -1.26405
277100 1.62681 -0.250493
277200 0.100779 0.962257
277300 -1.03271 -0.347525
277400 -0.095539 0.556609
277500 0.492297 -0.304995
277600 0.877315 -0.997773
277700 -0.323531 1.10711
277800 -0.0271714 -1.0309
277900 1.3211 -2.1107
278000 0.207789 0.519105
278100 -0.677637 1.34518
278200 0.891652 1.76224
278300 1.22772 1.92356
278400 -0.0636462 0.773705
278500 0.24278 -0.603267
278600 -0.668356 0.0637075
278700 -0.599745 -0.287619
278800 0.368323 -0.441894
278900 -0.409856 -0.721229
279000 -1.04061 0.0721281
279100 1.11257 -1.22567
279200 0.145927 -0.116526
279300 -1.1581 0.591804
279400 0.37798 1.5691
279500 0.266667 0.729232
279600 -1.29832 -0.462497
279700 -1.08359 -0.525759
279800 -1.06181 -0.602055
279900 -2.28336 0.918691
280000 -0.0496216 1.80076
280100 0.0898285 2.64086
280200 -1.66021 -0.800567
280300 -0.648375 -0.568657
280400 0.764208 -0.609306
280500 -0.0337646 0.680479
280600 0.114742 -0.0212693
280700 -0.446318 0.964364
280800 0.0656477 -0.967542
280900 0.459015 -0.591571
281000 2.04796 0.85286
281100 2.35098 0.103998
281200 0.399628 0.571677
281300 1.02962 0.379742
281400 2.83881 -0.241833
281500 0.144528 -0.707441
281600 -1.09977 -0.253379
281700 -0.671806 1.16248
281800 1.52376 -0.541046
281900 -1.22119 -1.44249
282000 -0.599755 0.271667
282100 -1.03378 -1.27315
282200 0.703514 0.191105
282300 -0.440766 1.63114
282400 -0.520443 0.731093
282500 -0.372703 -1.0911
282600 0.390566 0.81947
282700 0.715173 -1.2941
282800 -0.846128 0.398501
282900 0.256818 0.887395
283000 1.22394 -0.565958
283100 -0.0447701 -1.52746
283200 -0.754694 0.283746
283300 0.619992 -0.795204
283400 -1.30143 -1.23418
283500 -0.597306 -0.0772139
283600 -0.206163 0.731654
283700 0.433041 0.440575
283800 -0.332891 0.195172
283900 -0.906027 0.17043
284000 1.56151 -0.206718
284100 -0.0465757 -0.0508388
284200 -0.0955482 -0.294042
284300 -1.24029 -1.78242
284400 -1.29338 0.363063
284500 -0.288698 0.123883
284600 0.812737 0.970287
284700 0.14143 0.788478
284800 -0.216808 -0.288564
284900 -0.370978 -1.4065
285000 -0.287476 1.3973
