# Fix print output for fix def1
-1.16587255515016e-15 -0.00243394424794576 0.000391039650327866 -0.00371168058033506
-0.00100000000000127 -0.075725322964073 -0.013969078059029 -0.00836014357566317
-0.00200000000000126 -0.118881863954194 0.0126199609055626 0.0108963638515921
-0.00300000000000125 -0.210959636753555 -0.0174208873098338 -0.0156490451625432
-0.00400000000000124 -0.25299203419555 0.0127680710237682 0.00529139443712179
-0.00500000000000123 -0.332566659123137 -0.00734834515487417 -0.0132512180860703
-0.00600000000000122 -0.387919135466363 -0.00124817839160531 -0.00245237689726092
-0.00700000000000122 -0.452551593844528 0.000472945507198852 0.0022129080419177
-0.00800000000000121 -0.52241850456395 -0.00936350378426149 -0.00484764346851391
-0.0090000000000012 -0.578538886434856 0.00102100228476086 0.00721633387811321
-0.0100000000000012 -0.64737494540162 -0.00679402746137892 -0.00626428522225642
-0.0110000000000012 -0.711579940778247 -0.00369635039973387 -0.0025746562418734
-0.0120000000000012 -0.775960136136042 0.00297665163643225 -0.00702010367056476
-0.0130000000000012 -0.843866914504788 -0.0061724578791505 -0.00514498625037811
-0.0140000000000011 -0.902888268369975 -0.00311727652270237 0.000358648655173079
-0.0150000000000013 -0.96959765592391 -0.00468606715620012 -0.00799687448097595
-0.0160000000000012 -1.02595054622349 -0.000494948903560104 0.00159152160217814
-0.0170000000000012 -1.09042531990269 -0.00237494518651099 -0.00422396834499089
-0.0180000000000012 -1.15195344091111 -0.00967721785504391 0.000148442261673924
-0.0190000000000012 -1.20920834739936 -0.00483749872799949 -0.00395148531910129
-0.0200000000000012 -1.27143765148299 -0.00497102889369325 -0.00484038106379072
-0.0210000000000012 -1.33126236397457 -0.000303614465761683 -0.00181613864686989
-0.0220000000000012 -1.39393679020416 -0.00379804553745808 -0.00222976297944895
-0.0230000000000012 -1.45478074636308 -0.00201808841127011 -0.00205205858062239
-0.0240000000000012 -1.52118448119475 -0.00915858812770512 -0.00239612201743351
-0.0250000000000012 -1.58343628836494 -0.00281317003171266 -0.00508802736169009
-0.0260000000000012 -1.64440585776105 -0.00300627162313392 -0.00832768880324768
-0.0270000000000011 -1.7006072988902 -0.00217779619864918 0.000912898268241233
-0.0280000000000012 -1.76050924750959 -0.00131236067988501 9.62956904380267e-05
-0.0290000000000012 -1.82685660096185 0.000394727566219161 0.00399192342094483
-0.0300000000000012 -1.88659298246337 -0.00104580610235873 -0.00228074135800497
-0.0310000000000012 -1.94475378645287 -0.0035878621061187 -0.000933313100707146
-0.0320000000000012 -2.00711280326301 -0.00726853143886418 -0.00436311552285158
-0.0330000000000012 -2.06041427242147 -0.000788550551477011 -0.00244161130616544
-0.0340000000000012 -2.13222236693436 -0.00951124809190689 -0.0084891726251674
-0.0350000000000012 -2.185405008666 -0.00159943637974298 0.00198653628391211
-0.0360000000000012 -2.2525775872546 -0.00329757715887387 0.00216137802481389
-0.0370000000000012 -2.31052762779954 0.00110729175340338 -0.00690298070682034
-0.0380000000000012 -2.37316313579065 -7.27469165105939e-06 -0.00705720361699748
-0.0390000000000011 -2.4335827484621 -0.00417286778391727 -0.000578397945815648
-0.0400000000000011 -2.49298999295734 -0.00628001783259935 -0.00129301408967644
-0.0410000000000011 -2.55836143850111 -0.00637510868298841 -0.0056929285744421
-0.0420000000000011 -2.61243564246729 0.00344960523413544 -0.0025663148385156
-0.0430000000000011 -2.67142602849818 0.000214444242971518 -0.00563854054645813
-0.0440000000000012 -2.74153003533174 -0.00556441352902419 0.00139637274490511
-0.0450000000000012 -2.80408478303182 -0.00489862393583535 0.00267079283273146
-0.0460000000000012 -2.87285111141367 9.00391740334689e-05 -0.0105961270666358
-0.0470000000000012 -2.9307829117346 -0.0014238917778997 -0.00871702383096672
-0.0480000000000012 -2.9980068796097 -0.00518836148502963 -0.00702157290881132
-0.0490000000000012 -3.05434320812922 -0.00131453170608314 0.00137775111128364
-0.0500000000000012 -3.12270405510028 -0.00808483548173064 -0.00483918962913736
-0.0510000000000011 -3.17731865605153 -0.000441521700142438 -0.00693777968742078
-0.0520000000000011 -3.24962031061293 -0.00438763053960905 -0.0118046409063964
-0.0530000000000011 -3.31272848872413 -0.0101542325006723 0.00384246587643447
-0.0540000000000011 -3.38217150546609 -0.00948300953014347 -0.00596813380894861
-0.0550000000000011 -3.44792236070622 -0.000105212443725804 -0.00619228593222587
-0.0560000000000012 -3.51512775495013 -0.00580604817515255 -0.00365281863448819
-0.0570000000000012 -3.58699568309334 -0.00648330082906791 -0.00173658777637244
-0.0580000000000012 -3.63959285262324 -0.00180818054887515 0.00350166601806766
-0.0590000000000012 -3.71580568165618 -0.00630080111668058 -0.00658345989840634
-0.0600000000000012 -3.78059349336957 -0.0023365378549126 0.000299904473148936
-0.0610000000000012 -3.85611615430891 -0.00289549883790174 -0.00554004744889232
-0.0620000000000012 -3.92637537531181 -0.00626328504963878 -0.00409975851949802
-0.0630000000000012 -3.98948975682857 -0.00533323733108749 -0.00299390873942307
-0.0640000000000011 -4.05573224047795 -0.00188185181196714 -0.000668842457574267
-0.0650000000000011 -4.13349720231469 -0.00520136599596233 -0.00827725468131739
-0.0660000000000011 -4.19788891457223 -0.00158295143916752 -0.00331603812965952
-0.0670000000000011 -4.26579733627193 -0.00939909278418648 -0.00748722017643308
-0.0680000000000011 -4.33280583970747 -0.00547191497277236 -0.00699522258854616
-0.0690000000000011 -4.40244131615279 -0.00473057507131654 -0.00511257578538839
-0.0700000000000011 -4.47357690734314 -0.00619645818618857 -0.00716337824869909
-0.0710000000000012 -4.53952041692501 -0.00946653939729569 0.00183228793186196
-0.0720000000000011 -4.61303110788788 -0.00225283987206376 -0.0140109214525148
-0.0730000000000012 -4.67510484339756 0.00653335159205351 0.00473463994404483
-0.0740000000000012 -4.74932850708057 -0.0136895362935395 -0.00431674125120066
-0.0750000000000011 -4.81059783765054 -0.011393384994657 -0.00316705804099299
-0.0760000000000011 -4.88369334755853 -0.00048710388053422 -0.0070908005305102
-0.0770000000000011 -4.95776854816154 -0.0121678299381398 -0.0103900230870615
-0.0780000000000011 -5.01800770842747 -0.00817316610432672 -0.00832558423949333
-0.0790000000000011 -5.0837396457101 -0.00488440228299359 -0.00483828001668318
-0.0800000000000011 -5.14795038158032 0.00158540350121417 -0.00215456211959097
-0.0810000000000011 -5.2075116016524 0.00268183519342282 -0.003990159571717
-0.0820000000000011 -5.27705915939421 -0.00497052300779833 -0.0103949452136577
-0.0830000000000011 -5.32838023374859 -0.00436418300167684 -0.00151259998786571
-0.0840000000000012 -5.39248039024607 -0.010639763781097 -0.00167755168913189
-0.0850000000000012 -5.43900127645251 0.00505496243287606 0.00446185831012163
-0.0860000000000012 -5.50108537122328 -0.0104432743654615 -0.00880955500668475
-0.0870000000000011 -5.5574607306001 -0.00284915569905682 -0.00268535362530972
-0.0880000000000011 -5.61974641976883 -0.0126071195061799 -0.0121436581097076
-0.0890000000000011 -5.65872104861309 -0.00361455392093644 -0.00151871076189732
-0.0900000000000011 -5.7093248196011 0.000230468359133951 -0.0013210486337987
-0.0910000000000011 -5.76443805850054 -0.00957536646473505 -0.0158811306111476
-0.0920000000000011 -5.79606126026797 -0.0102825828883237 -0.00174402531604296
-0.0930000000000011 -5.85618990734438 -0.0120918749119683 -0.0129972844845253
-0.0940000000000011 -5.87621310733417 -0.000358890363958393 0.000207703850370086
-0.0950000000000011 -5.90970703442621 -0.00925410684578149 -0.00401517919058696
-0.0960000000000011 -5.94813998589068 -0.00774725753079182 -0.00806105403083576
-0.0970000000000011 -5.96960947148378 -0.000493113049051533 0.00329583012329509
-0.098000000000001 -5.9934284257156 -0.00371387655737837 -0.00634765586959297
-0.099000000000001 -6.02088516034039 -0.000274214536736652 -0.000806893662662134
-0.100000000000001 -6.04172969170299 -0.0119336108406942 -0.0161879561874167
-0.101000000000001 -6.04475048800416 -0.00348411888492686 0.00355700330758029
-0.102000000000001 -6.06722422549056 -0.0131023645792447 -0.0101490730714812
-0.103000000000001 -6.06194722233255 -0.0115380730275027 -0.0191662418977064
-0.104000000000001 -6.03688541947196 0.00167177139239448 0.00143586890544364
-0.105000000000001 -6.04247823930214 -0.0274966600400837 -0.0119501298111942
-0.106000000000001 -5.97385652894166 -0.00193491529693525 -0.00780196763594357
-0.107000000000001 -5.87589188095351 -0.0130920622025568 -0.0107166963439242
-0.108000000000001 -5.74003594451095 -0.0182113150750982 -0.0209570213484047
-0.109000000000001 -5.46663281468649 -0.0288749662469937 -0.0231372241786101
-0.110000000000001 -5.07468217413685 -0.0370833724368843 -0.0356656570164657
-0.111000000000001 -4.55236471448443 -0.0670111454856571 -0.0656459982276552
-0.112000000000001 -3.89819196880511 -0.0676019628158533 -0.076039645122704
-0.113000000000001 -3.21549000900443 -0.0761316321090245 -0.0949704284173616
-0.114000000000001 -2.60718828549758 -0.0414849031651164 -0.0582484583162092
-0.115000000000001 -2.11674630101397 -0.0341352567979936 -0.0485353289718691
-0.116000000000001 -1.78121382839801 -0.0231338575240389 -0.0254011675783821
-0.117000000000001 -1.57376457049058 -0.0111343234132809 -0.026974902409516
-0.118000000000001 -1.44918116870455 0.000131068754963117 -0.0146460448715906
-0.119000000000001 -1.38065385014288 -0.0121549561055956 -0.0135081206367907
-0.120000000000001 -1.35198396160503 -0.00361011814766629 -0.000496591976172959
-0.121000000000001 -1.32187592310432 -0.00907760468824314 -0.00653657350322735
-0.122000000000001 -1.32802723548717 -0.0108250375965071 -0.00541543707769186
-0.123000000000001 -1.31905381802058 -0.00500396864128621 -0.00981744484586102
-0.124000000000001 -1.30286347172363 -0.00390558854952952 -0.000930273371808506
-0.125000000000001 -1.3306485319828 -0.0112151629890383 -0.0125465869002526
-0.126000000000001 -1.31237991071677 0.00324415098058392 0.00369921472154891
-0.127000000000001 -1.31624432965323 -0.0189111542641413 -0.00553440169187593
-0.128000000000001 -1.3120827633233 -0.00328704638231124 0.00386082651000713
-0.129000000000001 -1.30332148046055 -0.00854854505071097 -0.0108024861627458
-0.130000000000001 -1.29334586127219 -0.00898000659039095 -0.00657176856907292
-0.131000000000001 -1.27065014692871 -0.0040976386471567 0.00794939966155164
-0.132000000000001 -1.28067475399059 -0.0187287682427602 -0.000562122742102048
-0.133000000000001 -1.28150866725743 -0.00252004095300465 -0.00867944663522066
-0.134000000000001 -1.28478110532725 -0.0118239522313304 -0.0101681378237054
-0.135000000000001 -1.29897179862883 -0.00161155700169523 0.00696037530749537
-0.136000000000001 -1.31899305670396 -0.0212744493174576 -0.0132279970193421
-0.137000000000001 -1.2967513201418 -0.00913373124494783 -0.00387117118920991
-0.138000000000001 -1.28913266233403 -0.00212835235759106 0.00346856417020447
-0.139000000000001 -1.31144163811178 -0.0151448221786814 -0.0181291936082379
-0.140000000000001 -1.29046350343781 -0.00239767824484692 -0.00609493202773083
-0.141000000000001 -1.29097268433556 -0.0185578414151889 -0.00173195736286971
-0.142000000000001 -1.28421258359715 -0.0108187239151802 -0.0121289831771425
-0.143000000000001 -1.28646010658907 0.00631994582834629 0.0010981860080902
-0.144000000000001 -1.31678867891582 -0.0152537275200746 -0.0120130159429723
-0.145000000000001 -1.31209131820677 -0.00204884698641625 -0.00453984592938224
-0.146000000000001 -1.32446745008145 -0.0196975285246972 -0.00166825253684382
-0.147000000000001 -1.32148044194915 0.00217294161636134 0.00396277785154595
-0.148000000000001 -1.32522532575683 -0.00452014106547542 -0.0110299068110751
-0.149000000000001 -1.32652658111951 -0.0162530388386961 -0.00415570322998764
-0.150000000000001 -1.30487506920176 -0.000292081581966062 -0.00799638747131663
-0.151000000000001 -1.30848491696662 -0.0108303794944777 0.0104915517246914
-0.152000000000001 -1.31455751584899 -0.0121003928575449 -0.00445610575384703
-0.153000000000001 -1.28879113125748 -0.00475099576747282 -0.00543558645459132
-0.154000000000001 -1.28877273553783 -0.00671790664485501 0.0124227524789822
-0.155000000000001 -1.33035428754554 -0.0211571899889258 -0.0221496337123975
-0.156000000000001 -1.29872383549371 0.00988869737750701 0.0064876159600459
-0.157000000000001 -1.31279108733347 -0.00848681773413775 -0.0137010164257288
-0.158000000000001 -1.32256887658878 -0.00546454206958758 -0.00510551111607669
-0.159000000000001 -1.34286831926433 -0.0089669741339572 0.00834470220622205
-0.160000000000001 -1.35137266468857 -0.0163736053504628 -0.0131547123781245
-0.161000000000001 -1.34565070949925 0.00287200586780587 0.00404551535089926
-0.162000000000001 -1.37588246120608 -0.00475209136589265 -0.0055952452148533
-0.163000000000001 -1.37331257975446 -0.0110121060857158 -0.0167896911074546
-0.164000000000001 -1.36809532499775 -0.00613361824843977 0.0087923704507282
-0.165000000000001 -1.40251144000605 -0.0157012866515666 -0.00731529705342432
-0.166000000000001 -1.41130550462266 0.00241108350409615 8.51599092323846e-05
-0.167000000000001 -1.41323355688396 0.00491017850075365 -0.00944843690292651
-0.168000000000001 -1.41814384956472 -0.0233968645236808 -0.00597682343508989
-0.169000000000001 -1.41672140743073 -0.00468261931147293 0.00852412892081171
-0.170000000000001 -1.43360143850564 -0.0111095010660907 -0.00461588205796864
-0.171000000000001 -1.43450964157854 -0.00691464836926204 -0.00180644911981085
-0.172000000000001 -1.43929111936449 -0.0200117494244851 -0.00471531920481847
-0.173000000000001 -1.42024127559023 -0.00906542263366036 -0.00486698710265458
-0.174000000000001 -1.3996714126141 -0.00795598943414765 -0.000904856124448231
-0.175000000000001 -1.38684637446522 -0.0032351732029289 -0.00206977661441149
-0.176000000000001 -1.39165719200596 -0.012259837647425 -0.00157321188816297
-0.177000000000001 -1.38728569595658 -0.0111989491949966 0.00789211336321852
-0.178000000000001 -1.41565137898736 -0.0111360215975146 -0.0174248679523717
-0.179000000000001 -1.3998367214839 0.00255586166368217 -0.00798165290434986
-0.180000000000001 -1.40886867605086 -0.0166263989112622 -0.00145155240299044
-0.181000000000001 -1.42525066514549 -0.0113633675147407 -0.00254536191475411
-0.182000000000001 -1.43136040084198 -0.00136613511364821 -0.0182307402040463
-0.183000000000001 -1.42066362721284 -0.00472673945298213 -0.00886054169697479
-0.184000000000001 -1.42582710620558 -0.00436475768655356 -0.00702911688518516
-0.185000000000001 -1.45682890775896 -0.010154336765285 -0.00922170734779386
-0.186000000000001 -1.46983907650198 -0.0109826923921192 -0.00569089157979751
-0.187000000000001 -1.46940723542932 -0.00276631967521052 -0.00644731700359777
-0.188000000000001 -1.48956146537307 -0.00554059851957384 -0.0150898976406765
-0.189000000000001 -1.50726783330507 -0.00867732653675661 -0.00320806089282477
-0.190000000000001 -1.51215540576389 -0.00770267395611114 0.0141051899227165
-0.191000000000001 -1.51891863772441 -0.00236053780744762 -0.00869690816325476
-0.192000000000001 -1.52755563327604 -0.00435150228553782 -0.00924934469354761
-0.193000000000001 -1.52951828227855 -0.0199784905839133 0.00272647954412847
-0.194000000000001 -1.50404145836938 -0.00116521889490955 -0.00634423998935819
-0.195000000000001 -1.5113266998718 0.0055634181902446 -0.0122921842581548
-0.196000000000001 -1.51972136220812 -0.00719963955209272 -0.0166918691071875
-0.197000000000001 -1.5068891573719 -0.0166050558063033 0.00973132402393864
-0.198000000000001 -1.49220373230368 -0.0156150103329465 0.00446471699505809
-0.199000000000001 -1.49955090641168 -0.00412740369137255 -0.0169559053135724
-0.200000000000001 -1.48669561676359 0.00286561572766376 -0.00164173684033212
