# Time-averaged data for fix myat2
# TimeStep v_myvol v_mylx v_myly v_mylz
1000 35207.4 32.7619 32.7619 32.7619
2000 37926.4 33.5973 33.5973 33.5973
3000 39626 34.0921 34.0921 34.0921
4000 40513.4 34.3452 34.3452 34.3452
5000 41187.5 34.5345 34.5345 34.5345
6000 41313.9 34.5699 34.5699 34.5699
7000 40971.7 34.4742 34.4742 34.4742
8000 41532.2 34.6301 34.6301 34.6301
9000 42829.2 34.9872 34.9872 34.9872
10000 44271.8 35.3759 35.3759 35.3759
11000 45338.3 35.6578 35.6578 35.6578
12000 43281.7 35.1085 35.1085 35.1085
13000 42673.6 34.945 34.945 34.945
14000 42579.8 34.9192 34.9192 34.9192
15000 41266.6 34.5567 34.5567 34.5567
16000 42568 34.9154 34.9154 34.9154
17000 42138.5 34.7971 34.7971 34.7971
18000 41218 34.5432 34.5432 34.5432
19000 40901 34.4542 34.4542 34.4542
20000 41712.7 34.6796 34.6796 34.6796
21000 43813.3 35.2532 35.2532 35.2532
22000 44197.2 35.3562 35.3562 35.3562
23000 44092.5 35.3282 35.3282 35.3282
24000 44506.4 35.4382 35.4382 35.4382
25000 45851.3 35.7916 35.7916 35.7916
26000 44121.6 35.3353 35.3353 35.3353
27000 43546.5 35.1816 35.1816 35.1816
28000 43571.7 35.188 35.188 35.188
29000 42636.2 34.9349 34.9349 34.9349
30000 43877.8 35.2697 35.2697 35.2697
31000 46363.5 35.9239 35.9239 35.9239
32000 47333.4 36.1734 36.1734 36.1734
33000 48026.1 36.3486 36.3486 36.3486
34000 48186.3 36.389 36.389 36.389
35000 47327.2 36.1716 36.1716 36.1716
36000 48518.2 36.4726 36.4726 36.4726
37000 47462.5 36.2061 36.2061 36.2061
38000 48129 36.3748 36.3748 36.3748
39000 47494.6 36.2144 36.2144 36.2144
40000 46881.1 36.0569 36.0569 36.0569
41000 43668.8 35.2135 35.2135 35.2135
42000 42662.5 34.9419 34.9419 34.9419
43000 41854.6 34.7198 34.7198 34.7198
44000 40539.6 34.3524 34.3524 34.3524
45000 40742.6 34.4097 34.4097 34.4097
46000 40499.3 34.3412 34.3412 34.3412
47000 40772.9 34.4175 34.4175 34.4175
48000 43330.5 35.1231 35.1231 35.1231
49000 43401.1 35.1426 35.1426 35.1426
50000 44631 35.4705 35.4705 35.4705
51000 45272 35.5139 35.7932 35.6139
52000 42403.7 34.2185 35.4662 34.9379
53000 41642.7 33.3951 35.3555 35.2714
54000 40016.9 32.0009 34.9392 35.7902
55000 39145.9 31.3333 34.8171 35.8842
56000 39660 30.5435 35.5573 36.519
57000 40991 30.5107 36.3335 36.974
58000 40119.9 30.1481 36.2645 36.6855
59000 38131 29.4829 36.1755 35.7519
60000 38958.7 30.3326 36.3262 35.3583
61000 38402.5 31.0933 35.7835 34.5164
62000 37824.9 31.7331 35.4196 33.6533
63000 37642.6 31.9916 35.1946 33.4325
64000 37348.5 31.9577 34.7364 33.6445
65000 36164.4 31.2575 34.4663 33.5671
66000 35595.8 30.6769 34.6684 33.4706
67000 36695 30.4282 36.1604 33.3513
68000 36946.7 30.2581 36.7702 33.2079
69000 35272.6 30.1267 36.2753 32.273
70000 34619.7 30.1761 36.2372 31.6589
71000 35311.1 30.1414 36.671 31.9465
72000 34832.1 30.2561 36.0866 31.9034
73000 34346.2 30.4196 35.1647 32.1078
74000 33894.6 30.4948 34.3546 32.3552
75000 34129.9 30.4608 33.5451 33.4029
76000 33776.5 30.4006 32.6847 33.9933
77000 33960.8 30.5712 32.1708 34.5302
78000 33979.7 31.2491 31.0955 34.9685
79000 33155.2 31.5985 30.2055 34.7369
80000 33700.8 31.8097 30.6875 34.5256
81000 32810.3 31.2175 31.2901 33.5902
82000 32519.6 31.3314 31.3908 33.0645
83000 33141 31.892 31.4108 33.0814
84000 31912.3 31.6145 31.0482 32.5111
85000 31961.2 31.614 31.0022 32.609
86000 31286.9 30.7561 31.0157 32.7986
87000 31728.8 30.4671 31.3548 33.214
88000 31670.1 30.5341 31.7417 32.6779
89000 31712.6 31.0496 32.1405 31.7797
90000 31297.4 31.5195 32.4254 30.6224
91000 30982.7 31.6878 32.4254 30.1541
92000 30503.5 31.894 31.6602 30.2106
93000 30597.3 32.4071 30.8951 30.5596
94000 30300.7 32.883 30.7708 29.9481
95000 30482.6 33.0871 30.9956 29.7235
96000 30176.6 33.0819 30.7071 29.7062
97000 30308.2 33.5502 30.7826 29.3468
98000 30526.4 33.6244 31.4254 28.8908
99000 29817.1 33.6941 31.4178 28.1657
100000 29435.2 33.8177 30.7632 28.294
101000 30133.6 34.3442 30.9236 28.3713
102000 29772.7 34.3282 30.5812 28.3607
103000 29660.6 33.9705 30.747 28.3974
104000 29420.5 34.1242 30.7422 28.0448
105000 29344.8 34.2531 30.4231 28.1602
106000 30104.4 34.6885 30.8418 28.1385
107000 29762 34.1198 31.4444 27.741
108000 29423 33.526 31.7037 27.6813
109000 29242.7 33.4312 31.9876 27.346
110000 28884.6 33.4464 32.0122 26.9778
111000 28989.6 32.9028 32.7458 26.9063
112000 29143.6 32.9186 32.952 26.8675
113000 29197.8 32.5239 33.0876 27.1323
114000 28824.7 32.7336 32.6819 26.9441
115000 28663.3 32.8994 32.7142 26.6316
116000 28891.4 32.6372 32.6908 27.0792
117000 28717.5 32.8704 32.2625 27.0802
118000 28578.6 32.5165 32.3994 27.1283
119000 28899.1 32.5025 32.843 27.0738
120000 28874.1 32.5147 32.6506 27.1988
121000 28636.9 32.3298 32.4216 27.3206
122000 28551 32.4793 31.945 27.5177
123000 28351.9 32.6546 31.8692 27.2439
124000 28282.2 32.339 31.7346 27.5587
125000 28271.2 32.8584 31.2569 27.5277
126000 28430 32.7552 30.8704 28.1158
127000 28191.7 32.6654 31.0152 27.826
128000 28406.2 32.6222 31.1323 27.9694
129000 28273.6 32.2087 31.4231 27.9357
130000 28160.7 32.3987 31.3416 27.7337
131000 28045.5 32.3875 31.1648 27.7856
132000 28142.1 32.4975 31.1078 27.8385
133000 27972.2 32.6014 31.0402 27.6422
134000 27941.5 32.6403 31.1319 27.4969
135000 27789.9 32.5824 31.2005 27.3368
136000 27718.7 32.3221 31.2534 27.4398
137000 27857.5 32.3073 31.3844 27.4754
138000 27781 32.2637 31.2415 27.5623
139000 28012.6 32.3367 31.2884 27.6871
140000 27868.8 32.5158 31.0596 27.5953
141000 27714.7 32.2145 31.2048 27.5705
142000 27749.5 32.3969 31.0201 27.6136
143000 27696.1 32.341 31.1853 27.4618
144000 27686.5 32.4086 31.1686 27.4089
145000 27725.6 32.3883 31.0937 27.5302
146000 27569 32.2337 30.8246 27.7474
147000 27756 32.4084 31.0444 27.5873
148000 27721 32.1337 31.2951 27.5653
149000 27538.7 32.5456 31.0675 27.236
150000 27411.4 32.3584 31.0379 27.2933
151000 27445 32.2472 31.1398 27.331
152000 27504.2 32.2666 31.1768 27.3415
153000 27476.6 32.3064 31.109 27.3394
154000 27364.4 32.5557 30.8781 27.2218
155000 27392.7 32.2746 30.9969 27.3828
156000 27504 32.4178 30.9697 27.3961
157000 27308.5 31.985 31.0046 27.5378
158000 27235.6 31.8794 31.0234 27.5385
159000 27305.3 31.9494 30.7911 27.7563
160000 27230.4 31.9303 30.8943 27.6048
161000 27183.4 31.9786 30.6657 27.7202
162000 27145.2 31.9357 30.637 27.7442
163000 27117.4 32.0251 30.7768 27.5127
164000 27105.8 32.032 30.6913 27.5715
165000 27062.9 31.9677 30.7217 27.556
166000 26965 31.9362 30.6574 27.541
167000 27063.3 31.857 30.8487 27.5385
168000 27049.9 31.9031 30.8149 27.5153
169000 27015.7 32.1383 30.6954 27.3859
170000 26942.4 32.06 30.7582 27.3221
171000 26919.7 32.0225 30.7003 27.3828
172000 26981.8 32.1948 30.6627 27.3326
173000 26906.9 32.0733 30.7088 27.3182
174000 26940.8 32.1687 30.6259 27.3459
175000 26929.7 32.2973 30.6334 27.2193
176000 26954 32.2257 30.5763 27.3553
177000 26888.2 32.3054 30.4824 27.3053
178000 26853.2 32.2941 30.4642 27.2952
179000 26902.5 32.2497 30.4916 27.3581
180000 26844.5 32.2596 30.5166 27.2686
181000 26910 32.1949 30.4809 27.4224
182000 26837.1 32.234 30.5086 27.2904
183000 26801.7 32.2527 30.5061 27.2402
184000 26799.2 32.2295 30.4818 27.279
185000 26824.2 32.2818 30.6596 27.1019
186000 26774.1 32.0779 30.4978 27.368
187000 26726.6 32.1821 30.4331 27.2888
188000 26688.8 32.1628 30.5001 27.2068
189000 26748.2 32.1976 30.465 27.2687
190000 26623.4 32.1174 30.4718 27.2032
191000 26632.9 32.139 30.4675 27.1985
192000 26550 32.0937 30.4233 27.1918
193000 26582.4 32.1142 30.3977 27.2307
194000 26582 32.0917 30.3776 27.2673
195000 26612.4 31.972 30.4539 27.3323
196000 26548.1 32.0642 30.3844 27.2501
197000 26543.8 32.1171 30.3806 27.2035
198000 26466.6 32.1073 30.3828 27.1308
199000 26544.3 31.995 30.5141 27.1887
200000 26467.1 32.1023 30.392 27.1278
201000 26448.2 32.11 30.4811 27.0232
202000 26378.6 31.9588 30.4455 27.1108
203000 26413.8 32.0032 30.3975 27.152
204000 26413.4 32.1004 30.3904 27.0758
205000 26391.8 32.1305 30.3585 27.0567
206000 26418.9 31.9878 30.4044 27.1652
207000 26399.7 32.0621 30.4176 27.07
208000 26312.5 32.0904 30.3522 27.0145
209000 26315.3 32.0605 30.4004 26.9997
210000 26261.2 32.0074 30.3317 27.0501
211000 26293.5 32.0281 30.2937 27.0997
212000 26284.8 32.0163 30.3878 27.0168
213000 26277.8 31.9833 30.4322 26.9981
214000 26223.6 31.9922 30.3625 26.9969
215000 26264.9 31.8803 30.4726 27.0364
216000 26280.9 31.9751 30.4426 26.9994
217000 26262.5 32.0279 30.3808 26.9906
218000 26235.5 31.9586 30.4396 26.9689
219000 26232 31.9685 30.4535 26.9447
220000 26226.9 32.0274 30.3489 26.9828
221000 26240.1 32.033 30.3437 26.9962
222000 26201.1 32.0478 30.3725 26.918
223000 26169.4 31.9949 30.3339 26.9639
224000 26138.3 32.0162 30.3335 26.9145
225000 26152 32.0461 30.2869 26.9449
226000 26132.4 32.0587 30.2235 26.9704
227000 26076.2 31.9832 30.2725 26.9322
228000 26100.7 31.9985 30.2897 26.9296
229000 26103.5 31.9793 30.2498 26.9842
230000 26077.5 32.0391 30.2599 26.8983
231000 26092.8 32.0108 30.3157 26.888
232000 26037.5 31.9768 30.2346 26.9317
233000 26066.1 31.8957 30.3236 26.9507
234000 26043.1 31.9707 30.2916 26.892
235000 26032.7 31.9774 30.2365 26.9244
236000 26012 31.9143 30.3045 26.8957
237000 25995 31.8804 30.2863 26.9229
238000 25978.7 31.9712 30.1609 26.9412
239000 25967.3 31.9478 30.2908 26.8334
240000 25943.7 31.8682 30.2635 26.9001
241000 25924.8 31.9185 30.2666 26.8356
242000 25922.4 31.9489 30.2414 26.8298
243000 25951.3 31.9103 30.25 26.8844
244000 25915.9 31.8673 30.2554 26.8792
245000 25897 31.879 30.2278 26.8744
246000 25875.1 31.8965 30.2105 26.8522
247000 25858.4 31.8918 30.1906 26.8565
248000 25819.5 31.8891 30.2461 26.7694
249000 25823.6 31.792 30.2436 26.8576
250000 25831.2 31.8209 30.2498 26.8359
251000 25801.4 31.8425 30.2344 26.8001
252000 25794 31.7902 30.2616 26.8123
253000 25763.7 31.7465 30.2961 26.7871
254000 25771.9 31.7885 30.2425 26.8075
255000 25731.1 31.7673 30.2311 26.7931
256000 25757.8 31.7394 30.2789 26.802
257000 25697.1 31.7667 30.2298 26.7592
258000 25715.5 31.7584 30.2187 26.7954
259000 25671.2 31.759 30.2083 26.758
260000 25664.1 31.7393 30.2067 26.7686
261000 25650.5 31.7656 30.1861 26.7504
262000 25677.4 31.738 30.2409 26.7533
263000 25639.9 31.7638 30.1984 26.7302
264000 25632.7 31.6916 30.1939 26.7875
265000 25649.2 31.7067 30.2443 26.7475
266000 25627.1 31.7545 30.1999 26.7232
267000 25601 31.7031 30.1682 26.7676
268000 25606.2 31.7062 30.1877 26.7529
269000 25600.9 31.7104 30.2184 26.7167
270000 25579.8 31.703 30.2 26.7171
271000 25551.3 31.7131 30.1615 26.7128
272000 25540.6 31.6927 30.1911 26.6926
273000 25506.1 31.6674 30.1785 26.6889
274000 25526.5 31.6452 30.1892 26.7196
275000 25520.8 31.6949 30.1536 26.7035
276000 25510.5 31.6892 30.1749 26.6785
277000 25496.7 31.6669 30.1555 26.7001
278000 25490.6 31.6496 30.1713 26.6943
279000 25460.9 31.654 30.1393 26.6878
280000 25458.5 31.6885 30.1039 26.6877
281000 25434.9 31.625 30.1114 26.71
282000 25428.8 31.602 30.1222 26.7131
283000 25430.6 31.6461 30.0927 26.704
284000 25403.4 31.638 30.089 26.6855
285000 25410.7 31.6458 30.1 26.6769
286000 25398.2 31.6146 30.1143 26.6774
287000 25404 31.6004 30.1127 26.697
288000 25363.1 31.6279 30.093 26.6483
289000 25368.6 31.63 30.0881 26.6565
290000 25337.9 31.5905 30.0743 26.6699
291000 25349.1 31.5798 30.0888 26.6778
292000 25318.6 31.6042 30.077 26.6356
293000 25324.3 31.6116 30.0784 26.6341
294000 25313.9 31.6165 30.0603 26.635
295000 25308.4 31.5805 30.0768 26.6449
296000 25289.1 31.5594 30.0773 26.6421
297000 25273.6 31.5808 30.0748 26.6098
298000 25256.8 31.584 30.066 26.5971
299000 25247.8 31.5782 30.0582 26.5995
300000 25239 31.5457 30.0641 26.6124
301000 25235.4 31.5556 30.0584 26.6053
302000 25227.8 31.556 30.0552 26.5998
303000 25228.4 31.5609 30.0546 26.5968
304000 25238.5 31.5629 30.0592 26.6017
305000 25231.9 31.5588 30.0635 26.5944
306000 25234.4 31.5624 30.0607 26.5965
307000 25240.9 31.5672 30.0598 26.6001
308000 25236.4 31.5663 30.0505 26.6044
309000 25235.8 31.5612 30.0576 26.6017
310000 25242.6 31.5702 30.0644 26.5953
311000 25232.9 31.565 30.0522 26.6003
312000 25242.5 31.5748 30.0579 26.597
313000 25235.8 31.5656 30.0544 26.6008
314000 25230.1 31.5636 30.0552 26.5958
315000 25227.4 31.5515 30.0594 26.5996
316000 25228.8 31.5626 30.0535 26.5969
317000 25236.8 31.566 30.0633 26.5936
318000 25234.6 31.5654 30.051 26.6028
319000 25236.4 31.5601 30.0625 26.599
320000 25230.7 31.5657 30.0578 26.5924
321000 25227.2 31.5581 30.0539 26.5985
322000 25232.1 31.5617 30.0582 26.5969
323000 25244.3 31.567 30.0593 26.6042
324000 25231.9 31.5622 30.059 26.5955
325000 25239 31.5702 30.0601 26.5952
326000 25235 31.5628 30.0522 26.6043
327000 25238.9 31.5722 30.0627 26.5912
328000 25237.8 31.5632 30.0565 26.6032
329000 25241.8 31.5726 30.0544 26.6013
330000 25238.6 31.566 30.0621 26.5966
331000 25222.9 31.5565 30.0561 26.5933
332000 25233.8 31.5618 30.0612 26.5959
333000 25236.2 31.5608 30.0617 26.5989
334000 25233.4 31.5626 30.0563 26.5991
335000 25236.9 31.5677 30.0606 26.5947
336000 25239.8 31.5688 30.0586 26.5986
337000 25233.1 31.5595 30.0587 26.5994
338000 25235.3 31.5709 30.0557 26.5948
339000 25233.2 31.5598 30.0565 26.601
340000 25231.9 31.5624 30.054 26.5998
341000 25232.2 31.5594 30.0633 26.5944
342000 25225.8 31.5602 30.0477 26.6008
343000 25234.7 31.5536 30.0627 26.6024
344000 25235.1 31.5635 30.0595 26.5974
345000 25237 31.5602 30.0632 26.5989
346000 25234.5 31.5689 30.0558 26.5955
347000 25236.8 31.5582 30.0602 26.603
348000 25237.6 31.5698 30.0566 26.5974
349000 25239.2 31.5679 30.0606 26.597
350000 25230.9 31.5675 30.0526 26.5957
