# Fix print output for fix def1
-5.24512950489714e-16 -0.00746117819942185 0.00114683540894787 0.00911718643151691
-0.00100000000000055 -0.0757767906580211 -0.0195617482390546 -0.013372614314455
-0.00200000000000058 -0.120813294833668 0.0149410742294282 0.0157667817088725
-0.00300000000000061 -0.212260296607904 -0.0322610167403948 -0.0211342761589112
-0.00400000000000064 -0.251992527397556 0.00913008347599542 0.0169348872655594
-0.00500000000000067 -0.340935457810511 -0.0090913269990711 -0.0103739337893404
-0.00600000000000035 -0.387947118931589 0.0161135516922356 -0.00565901910839228
-0.00700000000000039 -0.443300457861901 0.00425405317388229 0.0082577966583316
-0.00800000000000041 -0.520429952213566 -0.0164419353509053 -0.0109076620133539
-0.00900000000000045 -0.563607347895345 0.0077099925511729 0.0183202974808948
-0.0100000000000005 -0.648288791081635 -0.00630345162951227 -0.0179159122306677
-0.0110000000000005 -0.689981077228034 0.00784048590816171 0.00729876662994989
-0.0120000000000005 -0.771583338849755 -0.0178775968662973 0.000672731716425384
-0.0130000000000006 -0.828257738483959 -0.0131885523627495 -0.00660283392268358
-0.0140000000000006 -0.874380597351098 0.010158709685567 0.0100655370658242
-0.0150000000000006 -0.962329178621701 -0.0154303110414435 -0.0169091198764697
-0.0160000000000007 -0.992338142707879 0.02606070159519 0.0109811462757793
-0.0170000000000005 -1.08301618050109 -0.0178302099181328 -0.0200055460936054
-0.0180000000000004 -1.13573777052177 0.000226583136261683 0.00927195750043379
-0.0190000000000004 -1.20103583590339 0.00307469342555766 -4.92895942748528e-05
-0.0200000000000004 -1.26218922854058 0.000423907347784962 -0.00363700320888906
-0.0210000000000005 -1.31947012648996 0.00443958551155821 0.0186179463287506
-0.0220000000000005 -1.39609041976922 -0.0129927241306267 -0.00745262734359171
-0.0230000000000005 -1.43351955553719 0.0122389973956672 -0.00304447703380536
-0.0240000000000005 -1.51603281549585 -0.0064738798141368 -0.0137633400811462
-0.0250000000000006 -1.56219550907726 -0.0142061945169294 -0.00331330029878137
-0.0260000000000006 -1.62275723952952 0.00583671775974829 0.00839823678749993
-0.0270000000000006 -1.71371425684677 -0.0141113047574165 -0.0141012199851729
-0.0280000000000005 -1.73656799152019 0.0237576109868266 0.0152259670038128
-0.0290000000000003 -1.81559380496855 -0.00617410294128154 -0.00812951748629531
-0.0300000000000004 -1.88215352198447 -0.000249173212148315 0.00837389128579454
-0.0310000000000004 -1.93443256193392 0.00330539957119544 -0.00615152434419393
-0.0320000000000004 -1.99900109919697 0.0041204713014429 0.00457382232358076
-0.0330000000000005 -2.05478067815583 -0.00497127477592853 0.00871352659176356
-0.0340000000000005 -2.12229905227502 -0.0111110207383358 0.000240252334547845
-0.0350000000000005 -2.17530814550194 0.0119117615951066 -0.00503121196690437
-0.0360000000000006 -2.24895107743149 -0.00656140272159454 -0.0137599635319841
-0.0370000000000006 -2.29497454204173 -0.00455922546877458 0.0113729161205109
-0.0380000000000006 -2.35424494062253 -0.00800038684922425 0.0086466340225598
-0.0390000000000005 -2.42099123921665 -0.0023099084705339 -0.00454830643618659
-0.0400000000000005 -2.48829199136106 0.00960434581971413 -0.0188891642839646
-0.0410000000000004 -2.55172780114361 -0.0191105544351428 -0.00859182486521807
-0.0420000000000004 -2.60005593244718 0.000459535461567145 0.010955099042542
-0.0430000000000004 -2.67395782039634 -0.0102050257029614 -0.0146966529348616
-0.0440000000000004 -2.72992690934742 0.00569720567121166 -0.00499779472588002
-0.0450000000000005 -2.79119056227122 0.00370932394308262 -0.00313553225252573
-0.0460000000000005 -2.85940124652119 -0.00581737392480729 0.00551025577824091
-0.0470000000000005 -2.92434153056683 -0.0102971659487469 0.0117139734123868
-0.0480000000000006 -2.9836715264368 0.00685918958832083 -0.0195606833450009
-0.0490000000000006 -3.04402274738161 0.00983082148440304 0.00382587155924214
-0.0500000000000006 -3.13219110203236 -0.0140049448954072 0.00757928184554088
-0.0510000000000005 -3.17676571664515 0.00546216494944262 -0.00245411211649006
-0.0520000000000003 -3.24495914777029 0.00349739445605723 -0.00457619744583616
-0.0530000000000004 -3.31061961495446 -0.00300069382053596 0.000103313770874985
-0.0540000000000004 -3.36101448553264 0.0135373774020679 0.011411782422763
-0.0550000000000004 -3.43685265206886 -0.000892766286058941 0.00299604765413561
-0.0560000000000005 -3.50427720889734 0.00520269894462004 0.00317290638816764
-0.0570000000000005 -3.57344032727381 -0.00574363737253395 0.00684714243689695
-0.0580000000000005 -3.63622500680327 -0.00872896518672369 -0.00313106970344473
-0.0590000000000006 -3.70723322732345 -0.000926692708964765 -0.0137672445178546
-0.0600000000000006 -3.76084613549114 0.0110072774710745 0.00531371179887509
-0.0610000000000004 -3.8343510704035 -0.00611950801866568 0.00156871241776663
-0.0620000000000005 -3.91334689360387 -0.00674568590195008 -0.0172766967150043
-0.0630000000000005 -3.95909963651793 0.00931430275640607 0.00101662977934231
-0.0640000000000003 -4.04067371336378 -0.0118951055686345 -0.000914983635669545
-0.0650000000000004 -4.09801350469363 0.00419960191840194 0.000889650148003714
-0.0660000000000004 -4.17373754591496 -0.00327682559593293 0.00571163976527639
-0.0670000000000004 -4.23877344076 0.00120942334860865 -0.00798551940893864
-0.0680000000000005 -4.29927330070825 0.0193296930238492 0.0144189082943627
-0.0690000000000005 -4.37297295961949 -0.00131462889822643 0.000885061158416405
-0.0700000000000005 -4.44895819187548 -0.00687946082884615 -0.00361142464232572
-0.0710000000000006 -4.50334087866211 0.0102002378382168 -0.00596277784396863
-0.0720000000000006 -4.57666564801075 0.0181216037633349 0.00262441873630067
-0.0730000000000005 -4.65042507502958 -0.012269332267948 -0.00248959563802998
-0.0740000000000005 -4.70802403196872 0.00299978029268072 0.0156271166147777
-0.0750000000000003 -4.78487977286516 0.00237927314736512 -0.0206623897070209
-0.0760000000000004 -4.83453722730631 0.00199124657984458 -0.00160854325531375
-0.0770000000000004 -4.91608930079373 -0.00758639468793949 0.00376468150596335
-0.0780000000000004 -4.98408526627084 -0.00247003649763787 0.000741133817286856
-0.0790000000000005 -5.03177021147888 0.00265500185392859 0.00731077972854613
-0.0800000000000005 -5.11835939159182 -0.00964275498918805 -0.0268161574420758
-0.0810000000000005 -5.15886021937274 0.00877307432563642 -0.00148894775966818
-0.0820000000000005 -5.23706491363998 -0.0160101418293333 0.00827355706326968
-0.0830000000000006 -5.29506011571497 -0.00484707560576979 0.00353904848713082
-0.0840000000000004 -5.34567993262156 0.0129071494398205 -0.00704636208313592
-0.0850000000000005 -5.41292643394352 -0.00441102606892316 -0.00831455117371715
-0.0860000000000003 -5.44932200008952 -0.00269106034205463 0.01207427160067
-0.0870000000000003 -5.53674196364342 -0.021599223412557 -0.024403657306236
-0.0880000000000004 -5.56456817597316 0.00349769670964329 -0.00955856637480986
-0.0890000000000004 -5.62599076201541 0.0022667996113404 0.00339043877339612
-0.0900000000000004 -5.68485611408297 -0.0123090607570809 -0.0036811939668623
-0.0910000000000005 -5.72040236997036 -0.00178172944986504 -0.00580843904919033
-0.0920000000000005 -5.75277480123394 0.00244609794083831 -0.0218011648939761
-0.0930000000000005 -5.80163504988799 0.0109132499100753 0.0145586915674583
-0.0940000000000006 -5.86025486977071 -0.0231060563126819 -0.0188317689312999
-0.0950000000000004 -5.85875218267596 0.0220900198612051 0.00948491206767444
-0.0960000000000004 -5.92859402705393 -0.029410688457369 -0.0271232915400606
-0.0970000000000005 -5.90869844169441 -0.0143069855241611 0.0219124782628913
-0.0980000000000003 -5.95231587544243 0.00131061690660718 -0.00762307970994753
-0.0990000000000004 -5.97222856175764 -0.00225002369451632 -0.0288784299153444
-0.1 -5.94275019089091 0.01014612747241 0.015031696229824
-0.101 -6.00030575862169 -0.0284530850208826 -0.00447424963580843
-0.102 -5.98769951578778 0.00410722155310877 -0.00229361824403838
-0.103 -5.96395844939338 -0.00437727858431497 -0.0241104494517688
-0.104000000000001 -5.93037646127187 -0.0109784199924786 0.00117234385122103
-0.105000000000001 -5.89482793274288 -0.0141939567838992 0.00574582826363464
-0.106 -5.82105069130759 0.000706959600326486 -0.0197948642638557
-0.107 -5.65776274677958 -0.0027577937518961 -0.00302099711118171
-0.108 -5.48040788107728 -0.0359760070250524 -0.0319614449314727
-0.109 -5.10446893733763 -0.0310088551015222 -0.00902790967963853
-0.11 -4.61911713547174 -0.0458425856384256 -0.0375317108107939
-0.111 -3.96273537996111 -0.0315879780337944 -0.0372943382985836
-0.112 -3.30338320425298 -0.0220628463141135 -0.0338126519831727
-0.113 -2.66069960947359 -0.0272317678463668 -0.0536697646019439
-0.114 -2.18601716163265 0.0137991292302024 -0.0250900864567049
-0.115 -1.85346415476902 -0.00790077506706019 -0.0374260584811636
-0.116000000000001 -1.53959261436572 0.0248948483992294 -0.018459316790858
-0.117 -1.38231053232181 -0.0285314595448967 0.00782775634435247
-0.118 -1.29717504410854 0.0120369550343333 -0.0117867844850675
-0.119 -1.26012773674947 0.0203740953386793 -0.022613823576348
-0.12 -1.23861128397268 -0.0062073502530092 -0.0162746100032381
-0.121 -1.19356510852907 0.0131878206542036 -0.0198874579390159
-0.122 -1.15546733872633 0.0350899030387864 -0.0139320255957398
-0.123 -1.15313655443018 0.000867300817006503 -0.0344737696093261
-0.124 -1.10861744234294 0.0110820899261455 0.00412556361644412
-0.125 -1.10626031892243 -0.000641304048979703 -0.000649835846928467
-0.126 -1.11938679553792 -0.0025847790297457 -0.00646582112246533
-0.127000000000001 -1.10694481460882 0.00228172800243298 -0.0246804212078013
-0.128 -1.05993113476363 0.00741715607811066 -0.00113379644360615
-0.129 -1.09208232714386 -0.00779634791396027 0.0261319039773746
-0.13 -1.13193223752074 -0.0106977754001137 -0.0127448323725785
-0.131 -1.14058614930691 -0.0018818541227959 -0.0221946574592572
-0.132 -1.14034402919574 0.0175394748700319 -0.00611770251171666
-0.133 -1.13881050978834 -0.0126553863580304 -0.0242886851024814
-0.134 -1.13660404376733 0.0111805151121394 0.0257096433741184
-0.135 -1.17246200230491 -0.0264940682326979 -0.030963632384234
-0.136 -1.14763376413773 0.0340519696039348 -0.00539641307515933
-0.137 -1.17347548417555 -0.00426995148910138 -0.0303589166213122
-0.138 -1.17400149185051 -0.00621901741560733 -0.00866716134532502
-0.139 -1.1489891883394 -0.0127735392395438 0.0231021472857231
-0.14 -1.18040646033953 0.0115938382558122 -0.0118828967506388
-0.141 -1.2155031235361 -0.00431792233650042 -0.0349891479721838
-0.142 -1.21534448310094 0.0270768742239132 -0.000967673107269117
-0.143 -1.24402720977521 -0.0388594908152486 -0.0192262297423129
-0.144 -1.22122100133281 0.0111503998988859 0.0243976593921696
-0.145 -1.26712196892936 -0.0147061728189297 -0.0334889319838777
-0.146 -1.25989321692758 0.0168853337906425 -0.00204780582411653
-0.147 -1.28986851740427 -0.0109642559548259 -0.00496413332839043
-0.148 -1.28689631232816 -0.0216763708942314 0.015850933950644
-0.149 -1.32707551538085 -0.0055062574038212 -0.00465769893882411
-0.15 -1.37125839718436 -0.00949755491763956 -0.04273554105782
-0.151 -1.32728964425662 0.0316310519716348 0.039439729729643
-0.152 -1.35254906605342 -0.0340021257978107 -0.0437991495861242
-0.153 -1.28783623909605 -0.00388219804528164 0.0181772659580371
-0.154 -1.29770667830953 0.0107450190639877 -0.00702451818551676
-0.155 -1.32016376007338 -0.0195635800292199 -0.0309416837002715
-0.156 -1.30090895348943 0.00646006966696172 -0.00825759331362909
-0.157 -1.3413452300646 -0.0137309686451447 0.0066741530437262
-0.158 -1.3770058343822 -0.0169562009399915 0.0052404048204862
-0.159 -1.40899293481965 -0.00825252714055884 0.0138886470446332
-0.16 -1.41866375564811 0.00262129208411823 -0.0157151942748408
-0.161 -1.42936367508225 -0.0175434623867548 -0.00375276842091915
-0.162 -1.42813365659223 0.00886930164050273 -0.0009685121925209
-0.163 -1.43660804214258 -0.0236046838827301 -0.0186717563346126
-0.164 -1.43214551043484 0.00170668874012885 0.00702608999439894
-0.165 -1.45399477275687 -0.0156322491891282 -0.0116583257798258
-0.166 -1.43613372367061 0.0086290617910536 0.00820440439071353
-0.167 -1.44066720851082 -0.0166996304109232 0.00850010106144846
-0.168 -1.45342591403446 0.0129268228625638 -0.00736337907405868
-0.169 -1.44219269856075 0.0111459457108743 -0.0160424568911659
-0.17 -1.44193990672202 -0.0271220701764273 0.021427856204697
-0.171 -1.47001691957547 -0.0131567442759983 -0.0213430366583662
-0.172 -1.43688647110134 0.0096784246342318 0.00365429438187824
-0.173 -1.45594911369485 -0.00680874940719429 -0.00882007108317263
-0.174 -1.43423372458662 -0.0140896582442493 0.0173244544926728
-0.175 -1.41963864843194 -0.00261152794829452 -0.0281030131521286
-0.176 -1.39239323417623 0.0239210203057007 -0.0265221537525428
-0.177 -1.37628998021884 -0.0104450037577466 -0.00108350158037203
-0.178 -1.37050546146552 -0.0261831573264111 0.0150311875859777
-0.179 -1.38814390068876 0.00791244467462537 0.000223158958019822
-0.18 -1.37629424724766 0.00397177803901803 -0.0251598607448783
-0.181 -1.37950123424241 0.0226652272291792 -0.00924664834444204
-0.182 -1.41028767673619 -0.041563184521161 -0.00406079418302446
-0.183 -1.39934852366324 -0.00286862226847859 0.0151354060453541
-0.184 -1.44838930223942 -0.00323589818388274 -0.0109756618165429
-0.185 -1.44660595677473 -0.00317188155765597 -0.0125695688781808
-0.186 -1.41568702855256 0.014883195940564 0.0102392450312833
-0.187 -1.4364220646981 -0.0237784516400071 -0.0202972486028258
-0.188 -1.40348141015762 0.0168129876593562 0.00952706360340707
-0.189 -1.42997064529673 -0.0179086731964134 -0.0177246428923374
-0.19 -1.43959586773241 0.00389304918999202 -0.00405374561606835
-0.191 -1.45830909900508 -0.0148492769369938 0.00961023507909914
-0.192 -1.50858206296615 0.00893689636151646 -0.0172298135070263
-0.193 -1.51759767329206 0.0148791870922737 -0.0067288218544315
-0.194 -1.55118408077853 -0.0201187109410282 0.0399389607093775
-0.195 -1.61031039029196 -0.0107442646207816 -0.00831942346566421
-0.196 -1.62953763311056 -0.0018064951409988 -0.00181542726846563
-0.197 -1.6064348742644 -0.00160255268535344 0.0110295910370323
-0.198 -1.62868801055874 -0.0211526579417004 -0.00616317693900836
-0.199 -1.63378355881296 0.0143770878110553 -0.0186354842149205
-0.2 -1.65508147706515 0.00701038358019197 -0.0109386388055958
